1.109400000000000000e+04 0.000000000000000000e+00
7.631000000000000000e+03 1.000000000000000000e+00
1.132900000000000000e+04 1.000000000000000000e+00
1.147200000000000000e+04 0.000000000000000000e+00
2.800000000000000000e+02 1.000000000000000000e+00
5.014000000000000000e+03 1.000000000000000000e+00
6.725000000000000000e+03 0.000000000000000000e+00
6.634000000000000000e+03 0.000000000000000000e+00
1.236200000000000000e+04 0.000000000000000000e+00
2.221000000000000000e+03 0.000000000000000000e+00
7.176000000000000000e+03 0.000000000000000000e+00
3.190000000000000000e+02 1.000000000000000000e+00
6.485000000000000000e+03 0.000000000000000000e+00
7.928000000000000000e+03 0.000000000000000000e+00
6.970000000000000000e+03 0.000000000000000000e+00
1.982000000000000000e+03 0.000000000000000000e+00
8.996000000000000000e+03 0.000000000000000000e+00
6.931000000000000000e+03 0.000000000000000000e+00
3.461000000000000000e+03 1.000000000000000000e+00
5.579000000000000000e+03 0.000000000000000000e+00
