9.000000000000000000e+01 1.000000000000000000e+00
4.400000000000000000e+01 1.000000000000000000e+00
1.259600000000000000e+04 1.000000000000000000e+00
3.737000000000000000e+03 1.000000000000000000e+00
6.810000000000000000e+03 0.000000000000000000e+00
5.773000000000000000e+03 1.000000000000000000e+00
4.428000000000000000e+03 1.000000000000000000e+00
1.249600000000000000e+04 1.000000000000000000e+00
9.217000000000000000e+03 1.000000000000000000e+00
8.510000000000000000e+03 1.000000000000000000e+00
1.135300000000000000e+04 0.000000000000000000e+00
7.151000000000000000e+03 1.000000000000000000e+00
3.330000000000000000e+03 1.000000000000000000e+00
1.039200000000000000e+04 1.000000000000000000e+00
3.680000000000000000e+03 1.000000000000000000e+00
1.224400000000000000e+04 1.000000000000000000e+00
9.679000000000000000e+03 1.000000000000000000e+00
1.906000000000000000e+03 1.000000000000000000e+00
5.771000000000000000e+03 1.000000000000000000e+00
5.352000000000000000e+03 0.000000000000000000e+00
