4.854000000000000000e+03 0.000000000000000000e+00
1.186000000000000000e+03 1.000000000000000000e+00
2.800000000000000000e+01 0.000000000000000000e+00
2.735000000000000000e+03 1.000000000000000000e+00
5.427000000000000000e+03 0.000000000000000000e+00
1.017800000000000000e+04 0.000000000000000000e+00
3.142000000000000000e+03 0.000000000000000000e+00
8.631000000000000000e+03 1.000000000000000000e+00
2.024000000000000000e+03 1.000000000000000000e+00
1.006500000000000000e+04 1.000000000000000000e+00
1.114100000000000000e+04 1.000000000000000000e+00
3.464000000000000000e+03 1.000000000000000000e+00
9.780000000000000000e+03 0.000000000000000000e+00
6.969000000000000000e+03 0.000000000000000000e+00
7.913000000000000000e+03 1.000000000000000000e+00
9.868000000000000000e+03 1.000000000000000000e+00
1.239000000000000000e+03 0.000000000000000000e+00
9.269000000000000000e+03 1.000000000000000000e+00
7.180000000000000000e+02 0.000000000000000000e+00
5.232000000000000000e+03 0.000000000000000000e+00
