2.538461538461538325e-01
0.000000000000000000e+00
0.000000000000000000e+00
0.000000000000000000e+00
0.000000000000000000e+00
0.000000000000000000e+00
0.000000000000000000e+00
0.000000000000000000e+00
0.000000000000000000e+00
0.000000000000000000e+00
1.923076923076923184e-03
0.000000000000000000e+00
0.000000000000000000e+00
0.000000000000000000e+00
1.923076923076923184e-03
7.692307692307692735e-03
6.730769230769231143e-03
0.000000000000000000e+00
0.000000000000000000e+00
0.000000000000000000e+00
0.000000000000000000e+00
0.000000000000000000e+00
0.000000000000000000e+00
0.000000000000000000e+00
0.000000000000000000e+00
8.653846153846154327e-03
0.000000000000000000e+00
0.000000000000000000e+00
2.500000000000000139e-02
2.884615384615384776e-03
0.000000000000000000e+00
1.923076923076923184e-03
0.000000000000000000e+00
0.000000000000000000e+00
0.000000000000000000e+00
0.000000000000000000e+00
0.000000000000000000e+00
0.000000000000000000e+00
0.000000000000000000e+00
0.000000000000000000e+00
0.000000000000000000e+00
0.000000000000000000e+00
0.000000000000000000e+00
0.000000000000000000e+00
0.000000000000000000e+00
0.000000000000000000e+00
6.634615384615384637e-02
2.403846153846153980e-02
0.000000000000000000e+00
0.000000000000000000e+00
0.000000000000000000e+00
1.923076923076923184e-03
0.000000000000000000e+00
4.807692307692307959e-03
0.000000000000000000e+00
0.000000000000000000e+00
0.000000000000000000e+00
0.000000000000000000e+00
1.538461538461538547e-02
9.038461538461538269e-02
2.115384615384615502e-02
2.884615384615384776e-02
7.692307692307692735e-03
1.173076923076923073e-01
9.615384615384615918e-04
0.000000000000000000e+00
0.000000000000000000e+00
0.000000000000000000e+00
2.884615384615384776e-03
0.000000000000000000e+00
0.000000000000000000e+00
1.442307692307692388e-02
7.692307692307692735e-03
9.615384615384615918e-04
1.923076923076923184e-03
0.000000000000000000e+00
1.153846153846153910e-02
1.923076923076923184e-03
0.000000000000000000e+00
0.000000000000000000e+00
0.000000000000000000e+00
9.615384615384615918e-04
0.000000000000000000e+00
0.000000000000000000e+00
0.000000000000000000e+00
9.615384615384615918e-04
0.000000000000000000e+00
0.000000000000000000e+00
0.000000000000000000e+00
4.807692307692307959e-02
0.000000000000000000e+00
0.000000000000000000e+00
0.000000000000000000e+00
0.000000000000000000e+00
0.000000000000000000e+00
0.000000000000000000e+00
0.000000000000000000e+00
1.634615384615384706e-02
0.000000000000000000e+00
0.000000000000000000e+00
0.000000000000000000e+00
9.615384615384615918e-04
0.000000000000000000e+00
0.000000000000000000e+00
0.000000000000000000e+00
0.000000000000000000e+00
8.653846153846154327e-03
0.000000000000000000e+00
2.884615384615384776e-03
0.000000000000000000e+00
5.769230769230769551e-03
1.923076923076923184e-03
0.000000000000000000e+00
0.000000000000000000e+00
0.000000000000000000e+00
0.000000000000000000e+00
0.000000000000000000e+00
0.000000000000000000e+00
0.000000000000000000e+00
0.000000000000000000e+00
9.615384615384615918e-04
9.615384615384615918e-04
0.000000000000000000e+00
0.000000000000000000e+00
0.000000000000000000e+00
0.000000000000000000e+00
0.000000000000000000e+00
0.000000000000000000e+00
0.000000000000000000e+00
0.000000000000000000e+00
0.000000000000000000e+00
1.769230769230769329e-01
0.000000000000000000e+00
0.000000000000000000e+00
0.000000000000000000e+00
0.000000000000000000e+00
0.000000000000000000e+00
0.000000000000000000e+00
9.615384615384615918e-04
0.000000000000000000e+00
0.000000000000000000e+00
0.000000000000000000e+00
0.000000000000000000e+00
0.000000000000000000e+00
0.000000000000000000e+00
2.884615384615384776e-03
0.000000000000000000e+00
