9
10
11
16
17
23
33
70
71
78
84
90
98
101
103
111
114
115
124
125
126
175
188
231
243
247
251
274
301
326
328
364
406
408
410
412
416
421
437
442
446
459
475
483
485
486
490
505
515
521
549
555
556
568
583
600
609
614
627
641
651
665
668
672
680
683
693
701
713
716
721
726
728
737
766
773
779
781
797
798
801
822
839
840
851
893
898
902
903
924
931
933
938
963
971
975
980
982
985
991
997
1030
1036
1053
1056
1057
1070
1075
1086
1096
1099
1100
1102
1148
1167
1168
1170
1171
1174
1185
1204
1205
1206
1212
1231
1236
1248
1276
1318
1343
1350
1367
1405
1428
1468
1481
1486
1490
1493
1496
1497
1498
1499
1535
1537
1539
1551
1552
1554
1556
1557
1559
1561
1570
1577
1579
1581
1596
1621
1623
1643
1652
1658
1664
1668
1673
1682
1683
1697
1699
1704
1742
1759
1765
1769
1772
1781
1790
1791
1800
1826
1831
1833
1835
1846
1852
1871
1878
1884
1895
1897
1960
1968
2022
2024
2030
2038
2045
2059
2073
2083
2101
2107
2131
2132
2141
2150
2163
2178
2199
2205
2220
2228
2229
2231
2234
2237
2253
2256
2257
2262
2263
2264
2282
2289
2310
2315
2325
2328
2332
2333
2341
2356
2357
2359
2360
2364
2374
2383
2389
2394
2401
2411
2418
2435
2438
2452
2472
2479
2491
2507
2513
2514
2518
2524
2527
2530
2535
2542
2544
2555
2556
2559
2560
2561
2571
2573
2578
2581
2585
2594
2600
2608
2610
2616
2634
2636
2646
2648
2652
2653
2657
2659
2662
2665
2668
2672
2674
2678
2680
2684
2686
2692
2693
2714
2730
2733
2748
2750
2760
2763
2769
2779
2787
2822
2826
2832
2834
2836
2849
2851
2853
2854
2861
2891
2915
2917
2932
2937
2938
2939
2947
2964
2971
2974
2987
2998
2999
3013
3016
3027
3029
3030
3032
3042
3048
3050
3055
3059
3060
3061
3066
3067
3075
3082
3083
3084
3085
3088
3091
3093
3094
3096
3100
3117
3124
3126
3127
3134
3141
3142
3144
3145
3146
3147
3175
3176
3179
3191
3218
3224
3225
3226
3227
3229
3231
3241
3254
3288
3297
3298
3321
3333
3335
3336
3347
3349
3351
3365
3375
3383
3390
3414
3420
3429
3481
3483
3520
3525
3556
3582
3584
3586
3590
3595
3601
3617
3618
3619
3632
3633
3638
3653
3662
3679
3684
3685
3697
3713
3731
3733
3772
3778
3789
3790
3820
3827
3833
3843
3848
3853
3857
3879
3881
3884
3903
3908
3915
3922
3926
3942
3969
4041
4067
4081
4082
4089
4097
4101
4107
4110
4111
4112
4113
4114
4118
4122
4129
4137
4182
4199
4204
4205
4207
4211
4234
4265
4289
4290
4323
4340
4341
4351
4363
4364
4365
4376
4389
4390
4391
4398
4413
4442
4446
4477
4480
4488
4496
4510
4550
4582
4596
4610
4625
4627
4630
4634
4635
4637
4650
4670
4678
4686
4688
4698
4706
4726
4727
4731
4732
4733
4734
4738
4739
4745
4748
4751
4765
4766
4769
4801
4807
4812
4818
4825
4826
4834
4837
4838
4841
4842
4843
4844
4849
4850
4851
4872
4875
4880
4885
4892
4900
4902
4905
4911
4914
4918
4924
4932
4933
4938
4943
4960
4968
5000
5004
5011
5017
5024
5029
5048
5051
5053
5054
5064
5067
5069
5072
5076
5078
5081
5083
5094
5104
5120
5123
5125
5129
5139
5152
5154
5157
5159
5199
5209
5211
5213
5216
5218
5223
5228
5230
5232
5233
5247
5266
5275
5285
5294
5332
5345
5360
5361
5365
5374
5380
5418
5434
5474
5506
5517
5519
5521
5522
5525
5531
5533
5535
5537
5541
5552
5557
5571
5584
5588
5614
5628
5632
5635
5669
5684
5698
5724
5734
5744
5752
5755
5756
5760
5768
5775
5787
5795
5810
5827
5830
5833
5855
5859
5860
5863
5864
5874
5876
5888
5893
5896
5902
5903
5909
5912
5914
5925
5927
5930
5932
5937
5938
5939
5940
5943
5946
5955
5973
5985
5991
6007
6008
6020
6021
6022
6033
6035
6055
6056
6068
6077
6088
6089
6094
6128
6145
6159
6215
6216
6217
6225
6261
6267
6295
6298
6300
6310
6314
6335
6344
6350
6351
6356
6360
6370
6374
6382
6385
6386
6395
6421
6423
6439
6445
6446
6456
6476
6481
6485
6490
6514
6531
6535
6557
6560
6569
6574
6592
6598
6612
6645
6656
6696
6703
6705
6709
6720
6724
6736
6741
6742
6746
6755
6761
6771
6777
6784
6797
6802
6820
6833
6846
6853
6871
6886
6891
6934
6976
6983
6984
7000
7008
7019
7029
7030
7046
7047
7049
7052
7058
7059
7060
7061
7062
7063
7065
7069
7071
7077
7084
7089
7096
7097
7104
7105
7111
7120
7139
7161
7166
7179
7186
7187
7206
7208
7209
7245
7258
7260
7282
7306
7310
7325
7331
7332
7334
7343
7347
7366
7367
7389
7392
7396
7413
7441
7446
7451
7459
7466
7473
7475
7487
7496
7497
7512
7531
7544
7555
7587
7595
7602
7612
7630
7634
7635
7647
7664
7669
7675
7682
7683
7687
7689
7696
7702
7706
7707
7713
7715
7726
7732
7734
7735
7739
7760
7775
7780
7787
7793
7798
7807
7853
7865
7869
7882
7886
7894
7897
7902
7919
7935
7950
7951
7963
7972
7975
7977
7989
8003
8008
8032
8047
8056
8077
8082
8083
8086
8097
8109
8115
8120
8122
8176
8201
8220
8233
8249
8250
8277
8282
8289
8293
8296
8313
8317
8322
8323
8365
8371
8375
8400
8409
8412
8413
8419
8420
8471
8499
8512
8517
8524
8530
8531
8538
8543
8544
8548
8549
8551
8553
8570
8615
8627
8634
8635
8636
8639
8641
8645
8649
8653
8657
8666
8670
8675
8690
8695
8712
8715
8716
8718
8721
8760
8761
8762
8766
8806
8809
8810
8822
8825
8826
8829
8837
8861
8866
8868
8869
8870
8882
8890
8896
8928
8935
8936
8937
8941
8957
8958
8988
8992
9003
9005
9009
9010
9014
9017
9026
9039
9046
9068
9070
9079
9080
9086
9092
9134
9137
9149
9158
9171
9174
9175
9178
9193
9200
9211
9213
9223
9229
9240
9242
9259
9277
9283
9293
9318
9330
9342
9343
9351
9352
9366
9389
9400
9402
9427
9430
9432
9436
9439
9440
9442
9445
9451
9469
9471
9484
9492
9510
9511
9517
9525
9532
9537
9571
9578
9598
9610
9640
9645
9649
9656
9657
9668
9694
9695
9705
9706
9713
9722
9724
9728
9733
9735
9736
9738
9742
9747
9754
9760
9763
9798
9812
9816
9817
9818
9821
9833
9840
9842
9844
9856
9861
9870
9874
9888
9899
9904
9924
9935
9939
9941
9950
9953
9968
9981
9990
9991
9996
9998
10012
10019
10020
10042
10053
10054
10060
10064
10067
10078
10079
10085
10128
10134
10137
10142
10147
10148
10158
10159
10163
10167
10170
10178
10185
10215
10218
10227
10242
10266
10269
10272
10293
10304
10305
10308
10314
10316
10318
10321
10327
10337
10344
10346
10347
10349
10351
10355
10357
10358
10359
10361
10363
10364
10365
10373
10376
10398
10430
10437
10454
10465
10466
10471
10475
10503
10505
10513
10514
10524
10535
10582
10584
10601
10681
10687
10738
10744
10748
10755
10756
10781
10798
10801
10819
10822
10833
10868
10871
10872
10882
10888
10896
10904
10908
10910
10929
10931
10941
10944
10965
10966
10968
11000
11028
11081
11083
11100
11101
11126
11127
11140
11152
11154
11163
11178
11194
11229
11234
11239
11241
11242
11271
11280
11281
11283
11287
11298
11320
11330
11344
11365
11372
11379
11390
11395
11396
11422
11428
11438
11460
11465
11475
11486
11489
11490
11497
11529
11543
11545
11550
11551
11552
11556
11573
11613
11614
11619
11621
11632
11648
11687
11699
11712
11738
11744
11755
11784
11794
11813
11823
11828
11835
11836
11849
11850
11852
11853
11856
11858
11866
11869
11870
11871
11873
11876
11878
11880
11908
11912
11920
11925
11938
11941
11947
11953
12010
12020
12021
12024
12026
12047
12062
12071
12075
12076
12088
12108
12131
12139
12142
12149
12166
12169
12210
12224
12240
12241
12246
12251
12255
12260
12263
12270
12301
12323
12328
12334
12347
12349
12371
12373
12374
12375
12377
12383
12388
12390
12397
12404
12410
12435
12436
12438
12440
12444
12449
12463
12477
12478
12479
12484
12499
12507
12512
12532
12559
12564
12594
12598
12605
12646
12648
12656
12664
12701
12705
12730
12746
12749
12753
12756
12759
12761
12762
12763
12764
12765
12766
12769
