120
152
204
317
329
340
438
443
468
474
527
571
607
615
769
920
935
959
989
1052
2193
2288
2336
2388
2436
2590
2679
2707
2874
2879
2952
3019
3121
3160
3212
3315
3361
3369
3539
3610
3742
3814
4095
4135
4332
4338
4501
4713
4759
4903
4910
4928
5046
5128
5135
5170
5305
5564
5647
5648
5680
5699
5725
5754
5770
5776
5869
5944
5946
5993
6201
6316
6396
6474
6526
6559
6566
6589
6601
6606
6634
6641
6665
6758
6893
6925
6927
7057
7323
7576
7628
7759
7885
7955
7962
7993
8729
8742
8857
8918
8931
8933
8978
9002
9321
9526
9586
9714
9930
9944
9948
9966
10115
10184
10187
10208
10226
10259
10427
10458
10616
10695
10707
10709
10763
10774
10915
10981
11003
11005
11010
11053
11056
11062
11116
11186
11319
11337
11509
11578
11595
11769
11787
11802
11805
11909
11926
11954
12097
12156
12316
12423
12428
12505
12595
12642
12661
12682
