41
145
160
300
335
407
458
504
660
710
806
857
1012
1051
1060
1300
1562
1565
1583
1663
1764
1777
1799
1828
1842
1952
2043
2140
2164
2169
2183
2211
2308
2366
2480
2493
2531
2589
2597
2598
2617
2642
2833
2942
3000
3058
3132
3181
3405
3425
3470
3578
3673
3702
3771
3811
3874
3887
4104
4170
4215
4302
4303
4461
4622
4643
4781
4848
4856
4913
4941
5013
5061
5153
5227
5229
5311
5483
5573
5607
5996
6087
6138
6147
6349
6540
6553
6679
6692
6728
6819
7236
7326
7342
7351
7370
7573
7594
7678
7692
7769
7784
7830
7928
7973
7974
8037
8048
8098
8355
8422
8506
8525
8536
8567
8672
8673
8693
8792
9006
9021
9099
9103
9307
9308
9323
9431
9493
9516
9593
9758
9764
9913
9962
9972
10027
10133
10194
10300
10421
10483
10532
10657
10678
10742
10794
10837
10912
10937
11025
11076
11170
11197
11204
11215
11231
11369
11433
11435
11476
11511
11558
11606
11610
11615
11622
11680
11694
11748
11785
11809
11862
11883
12013
12069
12160
12199
12230
12278
12314
12332
12353
12430
12441
12454
12645
12735
12754
