22
31
34
72
76
108
118
152
159
169
171
179
186
188
189
193
195
196
198
201
203
204
206
207
208
209
210
213
215
293
317
318
321
326
328
347
351
405
415
468
469
490
492
493
497
499
517
537
544
561
580
581
592
607
609
620
646
658
686
783
788
806
807
811
812
864
868
880
890
892
902
906
908
911
912
914
918
919
923
924
925
926
928
930
931
932
939
942
959
981
1012
1029
1035
1055
1058
1063
1065
1112
1114
1123
1138
1142
1144
1156
1192
1196
1198
1206
1207
1208
1212
1213
1214
1215
1218
1220
1227
1229
1230
1234
1235
1237
1238
1239
1241
1244
1245
1246
1247
1249
1251
1252
1253
1254
1255
1256
1257
1258
1259
1261
1262
1263
1264
1266
1268
1269
1273
1279
1280
1281
1282
1285
1286
1289
1291
1292
1294
1295
1330
1338
1341
1342
1344
1345
1347
1350
1351
1352
1354
1362
1364
1365
1368
1371
1381
1386
1400
1405
1409
1410
1412
1415
1417
1419
1420
1424
1426
1429
1430
1431
1435
1439
1441
1442
1443
1445
1446
1447
1477
1525
1578
1603
1612
1616
1621
1633
1677
1681
1682
1687
1689
1703
1725
1727
1729
1761
1776
1783
1799
1807
1817
1828
1829
1834
1839
1842
1886
1887
1902
1911
1939
1940
1953
1954
1959
1992
1997
2004
2010
2011
2013
2031
2035
2040
2041
2042
2043
2049
2059
2065
2084
2086
2087
2095
2112
2121
2122
2123
2127
2128
2129
2130
2162
2167
2207
2219
2222
2224
2232
2238
2251
2257
2270
2282
2283
2294
2299
2313
2335
2336
2338
2344
2345
2351
2353
2355
2356
2365
2367
2368
2372
2373
2375
2377
2379
2381
2382
2384
2386
2388
2391
2392
2396
2405
2409
2415
2420
2428
2435
2440
2442
2473
2477
2481
2493
2497
2519
2554
2568
2573
2575
2599
2603
2604
2619
2624
2635
2656
2661
2675
2677
2687
2688
2699
2701
2703
2704
2707
2719
2739
2750
2758
2765
2779
2780
2781
2791
2793
2831
2842
2911
2940
2946
3046
3047
3120
3153
3154
3156
3159
3162
3165
3168
3185
3187
3197
3198
3206
3214
3238
3242
3273
3277
3278
3291
3294
3303
3305
3339
3340
3341
3345
3357
3361
3394
3409
3411
3417
3425
3433
3435
3438
3446
3448
3450
3461
3464
3465
3468
3469
3471
3474
3478
3479
3486
3496
3499
3509
3517
3522
3524
3531
3539
3543
3548
3554
3560
3565
3569
3589
3607
3613
3623
3641
3642
3649
3655
3665
3692
3693
3695
3701
3704
3724
3725
3727
3734
3756
3764
3769
3785
3834
3842
3848
3856
3893
3940
3950
3974
3977
3983
3994
4000
4006
4012
4048
4135
4190
4192
4195
4200
4208
4215
4251
4270
4273
4275
4300
4301
4310
4312
4313
4337
4338
4356
4364
4366
4368
4369
4372
4374
4376
4377
4378
4384
4385
4387
4391
4392
4394
4396
4398
4400
4401
4402
4403
4404
4406
4407
4409
4410
4459
4492
4506
4511
4517
4542
4597
4599
4600
4624
4631
4652
4698
4701
4713
4717
4730
4742
4745
4746
4750
4759
4760
4761
4764
4771
4772
4774
4775
4776
4777
4779
4780
4782
4784
4785
4786
4789
4790
4791
4792
4794
4795
4796
4798
4803
4804
4805
4839
4857
4859
4864
4877
4893
4901
4923
4928
4951
4952
4973
5013
5021
5046
5056
5087
5091
5098
5164
5170
5207
5210
5218
5236
5257
5267
5288
5305
5318
5327
5350
5364
5380
5388
5392
5394
5404
5410
5427
5429
5430
5432
5433
5435
5436
5437
5447
5448
5451
5452
5460
5461
5462
5504
5507
5516
5524
5530
5544
5550
5565
5570
5597
5602
5603
5605
5622
5624
5649
5665
5699
5719
5734
5737
5740
5742
5743
5745
5751
5760
5762
5764
5766
5777
5789
5806
5807
5819
5821
5840
5847
5852
5867
5876
5881
5883
5896
5899
5906
5913
5914
5916
5918
5919
5922
5944
5947
5956
5991
5992
6011
6019
6030
6031
6043
6057
6058
6078
6081
6087
6094
6111
6112
6131
6139
6141
6153
6156
6161
6207
6213
6215
6245
6250
6258
6264
6268
6272
6281
6309
6310
6311
6312
6313
6324
6338
6361
6366
6368
6369
6378
6395
6399
6410
6418
6420
6431
6432
6434
6436
6447
6468
6471
6478
6482
6487
6511
6513
6514
6521
6524
6527
6528
6536
6537
6540
6542
6543
6545
6547
6562
6567
6570
6572
6578
6581
6583
6584
6586
6588
6589
6602
6606
6608
6616
6620
6626
6642
6644
6658
6659
6660
6661
6676
6677
6678
6686
6701
6714
6715
6716
6727
6741
6743
6750
6754
6760
6761
6770
6776
6784
6785
6795
6803
6810
6822
6830
6858
6861
6864
6865
6866
6873
6875
6876
6877
6878
6883
6884
6888
6890
6891
6893
6894
6896
6897
6898
6901
6910
6913
6914
6915
6916
6920
6922
6923
6924
6925
6926
6933
6959
6964
6982
6986
7002
7006
7013
7021
7044
7053
7060
7077
7078
7089
7090
7106
7107
7108
7111
7112
7113
7124
7128
7138
7180
7183
7185
7213
7216
7304
7361
7413
7417
7430
7431
7448
7456
7458
7463
7469
7471
7484
7490
7494
7495
7496
7497
7503
7506
7510
7515
7517
7518
7519
7520
7523
7524
7525
7526
7527
7528
7531
7532
7533
7534
7535
7536
7537
7538
7539
7540
7541
7542
7543
7545
7546
7562
7566
7571
7584
7586
7605
7608
7626
7627
7632
7636
7643
7651
7664
7671
7676
7679
7681
7683
7687
7690
7691
7692
7696
7698
7699
7700
7701
7702
7703
7704
7705
7706
7707
7708
7709
7714
7735
7742
7745
7748
7754
7756
7781
7786
7794
7801
7804
7808
7820
7836
7846
7849
7851
7861
7865
7867
7868
7907
7910
7913
7915
7928
7939
7958
7960
7962
7985
7989
7992
7995
7998
8000
8009
8011
8020
8023
8028
8036
8039
8051
8055
8058
8060
8064
8068
8073
8074
8105
8116
8128
8132
8161
8164
8179
8182
8183
8185
8187
8188
8200
8232
8247
8272
8289
8298
8300
8303
8304
8305
8312
8318
8321
8332
8386
8410
8419
8437
8439
8440
8444
8462
8476
8500
8508
8511
8514
8515
8518
8520
8521
8549
8554
8555
8562
8564
8566
8570
8586
8636
8667
8694
8696
8697
8698
8699
8700
8718
8726
8728
8733
8736
8742
8751
8753
8758
8765
8767
8773
8774
8775
8776
8782
8786
8788
8789
8804
8823
8825
8833
8846
8851
8862
8883
8895
8917
8918
8919
8920
8921
8922
8924
8925
8926
8927
8928
8929
8930
8932
8933
8934
8946
8960
8973
9002
9009
9028
9030
9032
9033
9034
9042
9089
9093
9099
9101
9111
9112
9117
9131
9151
9154
9163
9176
9182
9186
9196
9207
9208
9209
9224
9246
9247
9249
9266
9280
9286
9287
9288
9291
9292
9295
9296
9297
9298
9300
9302
9305
9318
9320
9334
9338
9343
9347
9351
9354
9413
9419
9420
9421
9423
9424
9425
9426
9428
9429
9431
9434
9436
9438
9443
9444
9445
9446
9449
9453
9459
9475
9481
9485
9488
9493
9497
9498
9500
9508
9510
9512
9522
9529
9540
9553
9561
9574
9589
9591
9593
9600
9601
9602
9604
9618
9623
9625
9628
9629
9636
9638
9645
9646
9647
9648
9651
9652
9653
9662
9664
9667
9669
9670
9677
9687
9691
9701
9712
9722
9733
9741
9743
9751
9753
9754
9757
9758
9760
9762
9764
9766
9767
9768
9769
9770
9771
9772
9792
9809
9834
9836
9842
9878
9880
9897
9898
9900
9904
9905
9906
9911
9914
9917
9918
9920
9930
9935
9939
9940
9962
9967
9974
9978
9992
9998
10001
10009
10013
10015
10028
10034
10038
10040
10079
10089
10104
10115
10119
10128
10135
10148
10149
10153
10164
10167
10168
10191
10196
10224
10249
10315
10316
10322
10352
10363
10367
10373
10380
10398
10432
10443
10451
10457
10459
10484
10490
10492
10496
10516
10518
10524
10525
10532
10535
10538
10539
10548
10551
10552
10555
10576
10592
10593
10603
10627
10635
10664
10667
10675
10679
10680
10682
10686
10689
10690
10691
10694
10695
10696
10698
10699
10700
10701
10702
10703
10704
10705
10706
10708
10709
10729
10734
10748
10763
10765
10775
10783
10784
10791
10794
10795
10800
10801
10805
10817
10819
10829
10842
10861
10868
10874
10876
10878
10881
10884
10885
10894
10954
10955
10961
10973
10979
10992
11005
11029
11041
11051
11062
11107
11116
11120
11127
11142
11175
11199
11289
11292
11309
11313
11319
11321
11323
11325
11331
11342
11346
11357
11358
11363
11364
11365
11369
11372
11381
11399
11424
11429
11469
11482
11487
11493
11495
11498
11499
11500
11502
11508
11553
11557
11563
11569
11571
11573
11581
11583
11585
11588
11595
11604
11614
11616
11617
11623
11624
11626
11627
11628
11630
11631
11633
11634
11635
11637
11638
11639
11641
11643
11703
11717
11772
11775
11800
11801
11806
11807
11827
11830
11833
11836
11878
11879
11881
11887
11889
11894
11900
11905
11909
11913
11914
11915
11916
11917
11919
11920
11922
11965
11967
12001
12015
12044
12046
12073
12080
12093
12100
12110
12111
12132
12140
12158
12178
12189
12193
12218
12226
12228
12232
12245
12253
12261
12273
12285
12308
12315
12330
12334
12335
12336
12345
12348
12349
12353
12354
12365
12366
12367
12378
12387
12405
12415
12425
12439
12453
12455
12462
12466
12467
12477
12486
12491
12492
12500
12540
12571
12573
12590
12591
12609
12624
12645
12694
12727
12748
