18
25
26
29
30
35
36
37
39
40
42
44
57
58
59
63
65
66
80
86
95
102
104
106
136
143
148
149
150
162
163
164
165
166
173
174
177
182
183
187
191
192
197
199
205
211
215
216
217
219
220
225
226
228
230
248
249
252
254
258
260
264
266
267
278
280
283
285
290
294
295
296
297
302
304
310
313
316
322
324
332
336
337
341
343
345
346
348
349
352
353
365
366
368
369
371
372
373
374
378
397
398
404
418
427
429
433
434
449
456
503
511
518
543
551
552
558
559
566
570
604
611
612
613
630
647
666
671
673
684
687
688
690
692
694
698
699
711
714
717
746
747
749
750
751
752
753
755
756
758
760
761
762
767
771
775
786
805
808
823
824
825
826
827
828
831
836
838
841
846
852
854
856
863
869
873
876
877
896
897
900
907
910
915
936
940
946
954
960
964
976
977
979
993
996
1011
1020
1021
1022
1054
1059
1067
1072
1074
1076
1088
1089
1090
1091
1093
1104
1121
1122
1124
1125
1128
1129
1131
1136
1137
1139
1150
1155
1158
1160
1165
1166
1176
1177
1178
1180
1181
1186
1191
1201
1203
1219
1233
1272
1275
1315
1339
1379
1385
1396
1404
1408
1411
1414
1423
1425
1479
1487
1521
1522
1526
1527
1576
1586
1587
1589
1592
1599
1617
1619
1631
1634
1639
1641
1645
1659
1672
1674
1678
1684
1688
1690
1691
1693
1694
1701
1702
1705
1714
1715
1717
1747
1750
1751
1756
1757
1774
1793
1797
1801
1802
1804
1805
1806
1811
1812
1813
1815
1816
1820
1821
1822
1823
1824
1827
1832
1854
1857
1865
1892
1894
1906
1910
1913
1918
1920
1921
1923
1925
1926
1927
1929
1930
1931
1932
1937
1938
1944
1948
1974
1995
1998
2001
2012
2015
2016
2017
2018
2019
2020
2021
2023
2025
2026
2032
2037
2039
2040
2042
2044
2047
2058
2062
2071
2078
2081
2091
2096
2119
2120
2143
2154
2158
2170
2175
2176
2179
2186
2187
2195
2202
2213
2215
2221
2223
2226
2227
2230
2236
2239
2240
2242
2246
2255
2271
2273
2274
2279
2284
2285
2287
2290
2293
2298
2300
2302
2304
2311
2312
2316
2317
2320
2322
2326
2327
2329
2330
2331
2337
2346
2348
2362
2371
2397
2398
2403
2421
2424
2426
2427
2431
2441
2443
2451
2501
2534
2536
2537
2539
2540
2547
2557
2563
2570
2580
2582
2584
2592
2595
2613
2626
2630
2638
2640
2645
2651
2663
2673
2676
2702
2705
2706
2709
2710
2713
2717
2735
2737
2738
2741
2743
2754
2755
2761
2764
2784
2798
2847
2852
2855
2860
2868
2872
2877
2880
2892
2909
2924
2925
2929
2933
2941
2944
2948
2949
2953
2957
2961
2963
2965
2966
2968
2976
2977
2978
2979
2981
2984
2986
3004
3073
3080
3115
3122
3129
3136
3139
3155
3166
3170
3171
3172
3173
3174
3177
3188
3189
3208
3211
3234
3242
3243
3244
3249
3251
3260
3263
3267
3270
3271
3272
3276
3279
3281
3282
3286
3289
3295
3296
3300
3312
3318
3327
3328
3334
3337
3339
3344
3352
3353
3360
3379
3380
3381
3382
3384
3386
3389
3391
3393
3395
3410
3413
3418
3419
3426
3427
3428
3430
3432
3436
3444
3445
3447
3449
3451
3452
3454
3458
3467
3485
3502
3503
3507
3508
3514
3515
3536
3538
3540
3562
3566
3575
3587
3605
3608
3614
3625
3628
3629
3651
3652
3654
3656
3657
3658
3659
3668
3669
3688
3694
3699
3705
3736
3737
3738
3750
3751
3765
3766
3780
3786
3791
3796
3798
3799
3806
3807
3808
3810
3815
3822
3830
3835
3847
3851
3852
3854
3858
3860
3862
3895
3901
3912
3916
3929
3930
3933
3935
3936
3946
3947
3948
3949
3951
3952
3953
3954
3955
3959
3960
3963
3965
3970
3971
3973
3976
3978
3981
3992
3993
4001
4002
4003
4004
4010
4013
4015
4016
4017
4021
4022
4024
4026
4027
4028
4030
4033
4034
4035
4037
4040
4042
4043
4044
4050
4051
4063
4065
4066
4068
4070
4071
4077
4083
4086
4088
4091
4092
4093
4094
4103
4108
4121
4123
4124
4125
4126
4127
4130
4131
4132
4134
4142
4143
4146
4147
4154
4157
4159
4164
4165
4175
4177
4178
4179
4181
4184
4187
4193
4196
4197
4203
4222
4223
4224
4225
4226
4230
4232
4237
4238
4240
4242
4243
4244
4245
4246
4247
4248
4249
4250
4252
4253
4254
4255
4256
4258
4260
4261
4262
4264
4267
4271
4273
4274
4275
4281
4284
4285
4287
4293
4298
4307
4320
4335
4336
4342
4343
4345
4348
4349
4352
4359
4373
4383
4386
4395
4397
4408
4414
4417
4419
4421
4422
4423
4424
4425
4426
4427
4428
4429
4432
4435
4445
4451
4456
4458
4460
4472
4481
4484
4490
4513
4514
4519
4520
4523
4526
4528
4530
4531
4533
4538
4541
4543
4545
4548
4549
4551
4552
4553
4554
4555
4556
4558
4561
4562
4565
4576
4577
4578
4580
4581
4583
4587
4593
4594
4595
4601
4604
4607
4611
4612
4614
4624
4626
4628
4632
4633
4645
4648
4653
4656
4662
4665
4666
4681
4684
4689
4693
4694
4695
4696
4699
4702
4703
4707
4711
4714
4716
4720
4721
4724
4725
4735
4752
4762
4771
4797
4799
4800
4802
4806
4808
4809
4811
4823
4830
4831
4832
4840
4847
4852
4854
4858
4868
4877
4879
4881
4882
4884
4887
4889
4890
4891
4895
4898
4907
4916
4926
4927
4936
4970
4975
4979
4981
4990
5007
5009
5012
5015
5025
5031
5033
5036
5038
5040
5041
5044
5047
5049
5055
5063
5070
5071
5073
5074
5075
5077
5079
5080
5086
5088
5089
5092
5093
5096
5102
5107
5126
5131
5133
5137
5147
5150
5168
5175
5190
5206
5224
5231
5234
5240
5243
5249
5253
5254
5255
5272
5279
5281
5282
5287
5290
5291
5293
5295
5296
5302
5314
5319
5320
5321
5323
5328
5329
5334
5336
5348
5354
5367
5373
5376
5381
5383
5385
5387
5389
5391
5395
5398
5400
5402
5403
5407
5408
5409
5411
5412
5413
5415
5422
5424
5425
5426
5428
5438
5439
5441
5445
5449
5450
5457
5458
5459
5464
5465
5470
5471
5475
5485
5486
5489
5490
5492
5495
5498
5499
5500
5501
5511
5516
5518
5526
5527
5529
5536
5555
5556
5561
5562
5577
5579
5589
5595
5598
5604
5606
5612
5613
5619
5620
5621
5634
5640
5650
5659
5664
5681
5701
5704
5706
5722
5723
5728
5729
5730
5732
5735
5788
5790
5791
5793
5796
5802
5803
5804
5805
5808
5813
5816
5822
5823
5826
5828
5832
5835
5839
5841
5842
5844
5856
5871
5879
5884
5885
5897
5905
5920
5923
5924
5926
5942
5950
5953
5968
5975
5977
5978
5980
5981
5990
6026
6027
6028
6029
6034
6049
6051
6052
6059
6060
6065
6066
6067
6069
6070
6076
6083
6085
6099
6100
6101
6104
6110
6114
6115
6116
6120
6123
6126
6133
6134
6135
6136
6137
6142
6143
6144
6146
6151
6152
6155
6157
6160
6162
6163
6166
6170
6171
6172
6173
6174
6175
6176
6177
6178
6179
6180
6181
6182
6183
6186
6187
6188
6189
6191
6192
6193
6194
6195
6196
6206
6218
6233
6237
6271
6274
6276
6277
6291
6296
6304
6306
6320
6321
6322
6326
6331
6334
6346
6353
6364
6365
6375
6376
6388
6393
6397
6400
6405
6407
6413
6415
6417
6438
6442
6443
6448
6449
6450
6455
6460
6461
6463
6464
6467
6470
6472
6475
6477
6480
6483
6488
6489
6494
6495
6498
6499
6500
6501
6502
6504
6505
6506
6508
6509
6510
6512
6515
6516
6517
6518
6532
6534
6548
6549
6550
6551
6555
6565
6573
6577
6582
6596
6603
6613
6614
6617
6619
6621
6622
6623
6624
6627
6628
6629
6630
6631
6632
6633
6635
6636
6647
6648
6649
6653
6667
6671
6672
6673
6684
6685
6693
6713
6717
6718
6726
6729
6732
6735
6747
6764
6768
6782
6783
6786
6791
6794
6801
6806
6807
6810
6811
6812
6813
6815
6817
6818
6824
6831
6834
6835
6838
6841
6843
6844
6851
6862
6863
6870
6874
6879
6881
6903
6906
6917
6921
6929
6941
6942
6943
6944
6945
6946
6953
6954
6956
6960
6961
6965
6967
6969
6972
6975
6978
6985
6987
6989
6991
6993
6997
6998
6999
7003
7004
7005
7007
7011
7015
7017
7018
7023
7025
7026
7027
7031
7032
7037
7042
7054
7070
7073
7074
7075
7080
7082
7093
7098
7099
7102
7103
7114
7115
7117
7130
7132
7133
7138
7140
7143
7145
7146
7151
7164
7172
7173
7174
7175
7181
7182
7188
7190
7192
7193
7195
7198
7207
7211
7223
7250
7251
7253
7255
7256
7257
7261
7263
7266
7268
7271
7272
7274
7275
7276
7277
7278
7281
7284
7285
7288
7290
7292
7296
7297
7298
7299
7307
7308
7309
7314
7317
7318
7322
7328
7329
7333
7338
7339
7344
7350
7353
7354
7362
7364
7365
7369
7371
7372
7376
7379
7390
7393
7395
7402
7403
7407
7408
7409
7410
7411
7412
7414
7416
7418
7419
7420
7421
7422
7423
7425
7427
7428
7429
7432
7433
7434
7435
7438
7439
7444
7445
7447
7449
7450
7455
7460
7462
7467
7470
7476
7477
7483
7485
7488
7498
7499
7500
7504
7505
7513
7516
7521
7522
7530
7549
7550
7558
7561
7564
7565
7567
7568
7569
7570
7572
7599
7600
7603
7611
7616
7620
7621
7622
7623
7624
7641
7642
7645
7649
7650
7652
7653
7655
7656
7657
7658
7660
7662
7663
7665
7668
7670
7672
7673
7685
7695
7717
7722
7723
7725
7727
7729
7737
7740
7743
7744
7746
7747
7749
7752
7755
7757
7762
7767
7768
7772
7773
7782
7790
7800
7802
7809
7811
7813
7814
7815
7824
7838
7842
7843
7844
7845
7848
7850
7855
7856
7858
7860
7876
7880
7888
7899
7912
7916
7921
7931
7932
7934
7938
7942
7944
7945
7952
7953
7959
7965
7968
7969
7981
7984
7988
7990
7991
8006
8012
8013
8018
8019
8021
8022
8024
8025
8027
8031
8038
8040
8042
8081
8100
8106
8107
8112
8113
8119
8125
8127
8130
8131
8136
8137
8139
8146
8148
8150
8153
8155
8158
8161
8162
8169
8174
8177
8178
8181
8186
8190
8193
8196
8204
8206
8216
8217
8221
8222
8223
8224
8225
8227
8229
8230
8238
8244
8260
8267
8269
8271
8273
8278
8287
8290
8291
8297
8302
8306
8307
8310
8327
8333
8335
8341
8349
8353
8380
8381
8392
8394
8397
8399
8404
8411
8415
8426
8427
8430
8433
8434
8436
8437
8438
8441
8443
8446
8447
8448
8449
8450
8451
8455
8456
8457
8458
8459
8463
8466
8469
8472
8473
8477
8478
8479
8481
8482
8486
8487
8488
8489
8490
8491
8492
8495
8496
8497
8498
8550
8556
8557
8575
8577
8578
8585
8587
8592
8594
8595
8596
8597
8598
8600
8601
8602
8606
8609
8611
8616
8617
8618
8619
8620
8622
8623
8624
8625
8628
8629
8630
8638
8643
8648
8651
8674
8676
8680
8687
8688
8692
8702
8711
8717
8720
8725
8730
8734
8739
8743
8746
8752
8778
8784
8787
8791
8793
8794
8796
8797
8800
8801
8803
8804
8805
8808
8812
8813
8816
8817
8818
8820
8821
8827
8832
8835
8840
8841
8842
8853
8874
8878
8907
8910
8911
8912
8916
8939
8954
8956
8959
8962
8963
8967
8969
8970
8971
8972
8980
8981
8982
8987
8990
8991
8998
9008
9011
9015
9018
9020
9022
9025
9027
9029
9031
9035
9043
9049
9050
9057
9063
9067
9071
9074
9076
9087
9090
9093
9097
9100
9107
9108
9109
9115
9116
9118
9120
9121
9127
9130
9132
9135
9139
9140
9143
9150
9153
9154
9157
9159
9160
9161
9162
9165
9167
9168
9169
9170
9172
9173
9190
9198
9201
9203
9217
9218
9225
9233
9245
9246
9252
9256
9258
9260
9261
9263
9264
9265
9268
9270
9273
9276
9278
9279
9282
9289
9303
9306
9314
9316
9324
9325
9326
9329
9331
9341
9344
9345
9349
9353
9355
9356
9358
9359
9360
9362
9365
9368
9370
9371
9373
9374
9375
9376
9378
9379
9382
9383
9384
9386
9387
9388
9390
9391
9392
9394
9395
9396
9398
9399
9405
9406
9408
9409
9410
9411
9414
9433
9435
9447
9450
9457
9458
9462
9464
9466
9467
9468
9472
9474
9479
9483
9490
9494
9499
9518
9519
9527
9528
9531
9534
9535
9539
9541
9544
9547
9548
9554
9559
9560
9563
9566
9568
9570
9572
9575
9580
9581
9582
9584
9585
9588
9595
9611
9615
9617
9619
9620
9632
9633
9635
9637
9641
9655
9658
9660
9661
9663
9666
9673
9674
9675
9679
9680
9681
9682
9683
9684
9685
9686
9688
9689
9690
9692
9693
9698
9703
9715
9723
9725
9756
9759
9774
9777
9778
9779
9781
9782
9783
9785
9787
9788
9789
9790
9793
9795
9799
9800
9807
9810
9814
9815
9828
9835
9847
9859
9863
9872
9882
9883
9884
9885
9890
9891
9894
9895
9910
9923
9927
9928
9929
9931
9934
9936
9942
9943
9945
9947
9951
9955
9959
9960
9961
9964
9965
9971
9984
9994
9999
10002
10003
10007
10011
10016
10021
10023
10024
10025
10030
10032
10069
10070
10071
10087
10092
10093
10095
10096
10097
10102
10103
10105
10107
10108
10112
10113
10118
10121
10126
10127
10129
10140
10141
10150
10152
10154
10157
10166
10172
10179
10188
10189
10192
10201
10204
10221
10237
10241
10246
10251
10253
10254
10258
10260
10264
10276
10277
10280
10281
10283
10284
10285
10288
10289
10290
10295
10299
10302
10306
10317
10325
10332
10333
10336
10338
10339
10341
10342
10348
10354
10356
10370
10377
10385
10388
10390
10391
10392
10393
10397
10399
10400
10401
10403
10404
10410
10413
10416
10417
10424
10428
10429
10434
10438
10440
10446
10449
10450
10452
10455
10456
10460
10474
10487
10488
10493
10495
10498
10499
10501
10504
10509
10511
10519
10521
10526
10528
10531
10545
10546
10547
10549
10558
10559
10561
10565
10566
10567
10568
10569
10570
10571
10572
10573
10574
10575
10577
10578
10579
10581
10587
10588
10594
10606
10608
10609
10610
10611
10613
10614
10619
10629
10633
10639
10644
10647
10648
10653
10656
10661
10662
10676
10713
10714
10717
10718
10722
10723
10726
10728
10730
10733
10735
10737
10746
10747
10749
10750
10751
10753
10759
10761
10762
10764
10779
10780
10789
10799
10803
10806
10813
10815
10824
10826
10828
10830
10835
10836
10838
10839
10841
10851
10854
10858
10860
10863
10864
10870
10879
10883
10887
10889
10890
10892
10893
10895
10898
10901
10905
10911
10913
10923
10930
10933
10946
10948
10953
10956
10957
10958
10959
10967
10971
10975
10984
10985
10987
10989
10991
11006
11012
11016
11023
11024
11026
11030
11032
11035
11036
11037
11038
11041
11045
11048
11050
11054
11057
11074
11094
11097
11102
11105
11106
11110
11115
11119
11121
11123
11124
11148
11156
11158
11159
11173
11177
11180
11181
11183
11188
11190
11191
11193
11209
11210
11211
11212
11213
11214
11217
11218
11220
11221
11222
11224
11225
11226
11227
11228
11244
11245
11250
11253
11262
11284
11303
11304
11306
11307
11314
11335
11339
11353
11355
11368
11370
11376
11378
11385
11398
11402
11403
11404
11405
11406
11408
11409
11411
11412
11416
11417
11426
11427
11440
11441
11443
11444
11445
11447
11449
11450
11456
11459
11470
11477
11481
11484
11494
11503
11504
11505
11510
11533
11534
11536
11539
11548
11559
11560
11564
11571
11574
11575
11577
11587
11592
11594
11596
11597
11600
11605
11607
11625
11652
11656
11667
11675
11676
11677
11681
11684
11690
11698
11707
11709
11716
11719
11722
11723
11724
11725
11727
11729
11732
11733
11734
11735
11739
11743
11749
11753
11768
11770
11783
11786
11792
11793
11798
11811
11816
11820
11822
11829
11832
11837
11838
11839
11840
11841
11842
11844
11845
11848
11863
11868
11882
11884
11885
11888
11899
11907
11910
11918
11921
11923
11924
11928
11930
11937
11956
11957
11959
11961
11963
11964
11970
11972
11973
11974
11980
11982
11985
11986
11991
11996
11997
12000
12002
12004
12009
12011
12014
12017
12022
12023
12027
12031
12032
12033
12038
12040
12041
12045
12052
12053
12064
12066
12078
12082
12083
12084
12085
12087
12090
12092
12094
12101
12102
12103
12104
12105
12106
12112
12121
12123
12124
12125
12127
12128
12130
12141
12147
12154
12161
12163
12168
12171
12175
12176
12179
12181
12182
12184
12186
12187
12188
12190
12194
12198
12201
12202
12209
12214
12217
12219
12220
12221
12225
12229
12237
12243
12250
12256
12262
12267
12276
12280
12281
12282
12292
12295
12296
12299
12311
12320
12329
12331
12339
12340
12341
12342
12343
12344
12346
12352
12355
12356
12361
12362
12363
12369
12370
12376
12380
12391
12392
12393
12411
12414
12416
12419
12420
12424
12427
12431
12432
12434
12469
12473
12475
12480
12482
12487
12489
12490
12493
12496
12497
12503
12515
12521
12523
12525
12526
12530
12531
12533
12541
12542
12543
12544
12545
12546
12547
12549
12550
12551
12552
12554
12558
12565
12579
12585
12587
12589
12597
12599
12601
12606
12608
12609
12610
12612
12613
12614
12615
12616
12617
12618
12619
12620
12622
12623
12629
12631
12632
12633
12640
12641
12647
12657
12660
12663
12666
12670
12673
12674
12676
12677
12678
12679
12683
12698
12699
12703
12716
12717
12719
12721
12722
12723
12728
12732
12733
12734
12739
12744
12750
12757
12767
12773
