18
30
35
36
37
39
40
42
58
59
80
143
163
166
173
191
197
219
225
226
230
248
252
264
266
283
294
295
324
343
345
369
371
397
398
427
456
511
543
551
559
566
612
647
673
684
688
692
823
827
828
831
841
846
852
854
910
946
954
964
993
1022
1121
1128
1129
1131
1137
1160
1166
1180
1181
1191
1275
1521
1522
1526
1527
1576
1586
1589
1617
1619
1631
1634
1641
1674
1678
1684
1688
1691
1693
1747
1793
1813
1816
1822
1823
1824
1827
1910
1931
1937
1938
1944
1974
1998
2015
2016
2020
2021
2025
2037
2042
2044
2071
2078
2096
2223
2226
2239
2279
2287
2298
2311
2317
2320
2326
2327
2329
2424
2426
2501
2539
2563
2582
2626
2630
2735
2754
2764
2784
2852
2860
2892
2977
2984
3073
3080
3122
3136
3139
3155
3166
3170
3171
3242
3251
3270
3276
3279
3282
3318
3334
3337
3339
3344
3379
3380
3381
3382
3384
3418
3419
3467
3485
3502
3503
3515
3536
3538
3540
3608
3628
3652
3654
3656
3657
3658
3668
3699
3705
3736
3737
3738
3750
3751
3765
3796
3798
3822
3847
3860
3929
3930
3936
3953
3960
3965
3970
3971
3993
4003
4013
4022
4024
4034
4063
4065
4070
4086
4091
4094
4165
4175
4178
4179
4181
4187
4203
4238
4243
4247
4255
4260
4262
4271
4273
4274
4275
4281
4284
4287
4293
4320
4335
4348
4352
4359
4373
4386
4419
4422
4423
4426
4427
4428
4429
4435
4445
4451
4481
4490
4514
4520
4526
4533
4538
4548
4551
4561
4576
4577
4578
4580
4581
4583
4595
4604
4607
4632
4656
4662
4665
4695
4707
4714
4721
4724
4725
4771
4802
4808
4811
4830
4854
4882
4884
4887
4890
4891
4898
4916
4970
4975
4981
4990
5007
5009
5012
5015
5031
5033
5036
5038
5040
5041
5071
5073
5074
5086
5088
5089
5092
5137
5168
5175
5243
5254
5255
5320
5321
5323
5328
5348
5354
5403
5411
5413
5422
5424
5428
5439
5471
5475
5486
5489
5490
5492
5498
5499
5516
5555
5556
5561
5577
5612
5650
5706
5728
5735
5788
5796
5802
5804
5808
5816
5839
5884
5897
5905
5923
5924
5926
5977
6049
6066
6070
6083
6101
6133
6135
6170
6176
6178
6179
6180
6181
6182
6187
6188
6195
6233
6237
6276
6277
6291
6296
6306
6320
6321
6322
6417
6438
6448
6449
6450
6472
6480
6483
6484
6499
6500
6501
6502
6504
6516
6548
6551
6614
6619
6621
6622
6623
6633
6635
6636
6648
6649
6671
6672
6673
6684
6685
6726
6729
6732
6747
6782
6783
6786
6791
6794
6810
6812
6813
6831
6838
6841
6843
6863
6870
6879
6881
6906
6917
6921
6943
6945
6953
6956
6967
6969
6978
6987
6991
6997
6998
6999
7015
7017
7025
7026
7032
7037
7042
7054
7073
7074
7075
7098
7130
7133
7182
7198
7207
7211
7250
7255
7263
7266
7277
7278
7290
7292
7314
7333
7339
7369
7403
7408
7423
7425
7429
7432
7444
7445
7447
7450
7488
7498
7521
7522
7565
7599
7611
7641
7658
7670
7727
7729
7746
7747
7752
7767
7800
7802
7811
7815
7842
7855
7856
7888
7916
7931
7953
7959
7965
7984
7988
7991
8024
8031
8040
8100
8112
8113
8125
8136
8148
8150
8161
8162
8169
8186
8196
8217
8223
8273
8290
8297
8307
8310
8327
8333
8335
8380
8392
8399
8411
8458
8469
8478
8482
8487
8550
8556
8587
8592
8600
8601
8602
8616
8617
8623
8648
8651
8702
8720
8730
8743
8746
8752
8778
8784
8800
8804
8805
8812
8827
8841
8853
8874
8907
8939
8956
8959
8970
8971
8982
8987
8990
8991
8998
9015
9018
9020
9027
9031
9049
9067
9076
9087
9093
9115
9127
9132
9139
9140
9143
9168
9190
9201
9217
9218
9225
9245
9265
9270
9273
9278
9279
9316
9324
9325
9365
9371
9378
9382
9383
9384
9386
9387
9388
9390
9391
9392
9394
9395
9396
9410
9466
9479
9534
9544
9582
9585
9633
9637
9655
9658
9661
9674
9715
9725
9759
9774
9778
9781
9782
9783
9788
9793
9828
9863
9872
9890
9891
9894
9927
9928
9943
9955
9960
9961
9994
10003
10011
10032
10092
10095
10102
10105
10108
10118
10121
10150
10172
10179
10237
10241
10251
10254
10289
10306
10333
10388
10403
10424
10429
10434
10449
10488
10493
10499
10509
10526
10528
10531
10546
10558
10565
10566
10567
10571
10572
10573
10575
10579
10587
10610
10611
10629
10633
10639
10644
10656
10662
10714
10723
10730
10735
10746
10747
10749
10780
10806
10826
10835
10870
10892
10893
10895
10911
10930
10933
10948
10956
10958
10959
10971
10984
10987
11006
11012
11023
11026
11041
11045
11050
11180
11191
11209
11210
11245
11253
11262
11303
11335
11376
11456
11470
11477
11504
11533
11534
11536
11539
11548
11559
11564
11592
11596
11597
11681
11690
11709
11716
11722
11724
11725
11727
11739
11783
11792
11798
11863
11868
11899
11921
11956
11957
11963
11974
11996
11997
12002
12009
12022
12033
12045
12053
12064
12066
12078
12085
12087
12092
12103
12104
12105
12121
12125
12127
12128
12147
12154
12161
12171
12175
12179
12188
12190
12209
12214
12217
12220
12225
12229
12267
12295
12296
12299
12320
12340
12343
12346
12361
12369
12376
12414
12420
12427
12432
12434
12482
12490
12525
12531
12541
12542
12545
12546
12552
12554
12558
12565
12585
12587
12597
12599
12601
12606
12608
12609
12610
12612
12614
12615
12618
12619
12629
12632
12633
12641
12666
12676
12716
12717
12719
12721
12723
12733
12734
12739
12744
12773
