0
4
8
10
112
118
126
145
175
218
237
238
251
340
358
363
416
486
496
527
710
797
801
809
835
839
840
887
933
1073
1100
1173
1498
1510
1513
1548
1583
1601
1604
1607
1673
1692
1724
1731
1768
1850
1872
1917
1956
1971
1979
2076
2109
2178
2241
2260
2514
2551
2601
2631
2642
2652
2655
2658
2659
2684
2790
2792
2807
2808
2974
2992
2998
3142
3150
3225
3297
3368
3374
3513
3535
3566
3584
3593
3601
3604
3610
3633
3638
3653
3666
3673
3721
3779
3843
3914
4149
4280
4311
4371
4464
4493
4550
4659
4813
4814
4833
4874
4947
4948
5011
5020
5136
5139
5162
5221
5239
5292
5344
5372
5480
5502
5669
5671
5715
5744
5860
5862
5864
5934
6082
6096
6109
6197
6473
6593
6645
6732
6775
6950
6983
7129
7134
7235
7481
7487
7634
7667
7834
7964
7973
7975
7977
7980
8084
8085
8210
8313
8393
8398
8413
8423
8516
8544
8639
8695
8735
8781
8799
8831
8887
9010
9039
9053
9080
9081
9417
9520
9711
9735
9739
9846
10043
10382
10441
10467
10542
10590
10710
10853
10872
10899
10941
11098
11161
11247
11458
11465
11479
11551
11580
11794
11818
11828
11833
11843
11846
11851
12059
12533
12592
12603
12702
12704
12705
12710
12711
12713
12715
12756
