711
714
717
746
747
750
751
752
753
755
756
758
760
761
762
1088
1093
1233
1339
1479
1804
1805
1806
1811
1918
2285
2293
2949
3286
3295
3444
3445
3992
4004
4146
4226
4240
4261
4343
4349
4823
5147
5385
5412
5449
5595
5606
5723
5793
6099
6116
6464
6470
6549
6835
6851
7115
7298
7317
7379
7390
7483
7558
7655
7656
7749
7850
7860
7912
7944
7952
8216
8302
8381
8430
8711
8816
8818
9541
9547
9673
9689
9690
9934
10093
10295
10299
10325
10385
10511
11036
11228
11409
11510
11675
11816
11820
11822
11832
11837
11838
11839
11840
11841
11842
11844
11845
11907
12094
12282
12297
12480
12677
