0
10
11
14
16
27
33
38
39
45
56
61
73
76
77
89
114
117
121
129
168
200
219
220
225
230
231
235
273
274
277
289
317
339
351
364
365
373
374
393
408
427
430
445
446
458
491
492
510
521
529
534
536
557
568
569
570
571
596
606
611
626
632
664
667
668
673
686
708
710
715
728
731
732
733
742
747
799
802
805
810
818
825
826
827
828
831
834
842
861
870
875
879
887
895
898
903
908
919
967
995
997
1007
1017
1034
1035
1052
1059
1070
1086
1088
1096
1098
1108
1128
1130
1137
1140
1154
1165
1241
1284
1297
1309
1328
1354
1374
1383
1395
1423
1428
1440
1501
1508
1512
1516
1517
1519
1520
1521
1523
1531
1532
1534
1542
1548
1559
1563
1574
1577
1579
1581
1584
1593
1601
1606
1610
1613
1615
1621
1623
1631
1632
1633
1636
1638
1648
1673
1674
1692
1697
1731
1744
1764
1777
1779
1794
1819
1820
1825
1830
1844
1846
1849
1852
1890
1893
1905
1923
1936
1947
1957
1961
1966
1967
1970
1994
2000
2001
2010
2011
2020
2039
2046
2048
2074
2085
2095
2136
2166
2174
2188
2197
2209
2249
2251
2256
2258
2268
2269
2296
2304
2307
2315
2322
2326
2336
2343
2346
2350
2365
2378
2379
2386
2387
2394
2397
2398
2406
2412
2416
2427
2433
2437
2456
2459
2501
2508
2514
2519
2520
2539
2541
2551
2595
2603
2634
2648
2652
2654
2663
2664
2688
2699
2714
2722
2734
2739
2742
2760
2787
2789
2797
2815
2821
2845
2847
2853
2862
2863
2865
2866
2867
2875
2879
2882
2887
2915
2916
2931
2932
2943
2991
2995
3022
3034
3077
3085
3088
3098
3099
3121
3127
3129
3142
3146
3203
3206
3229
3235
3239
3252
3256
3262
3266
3293
3305
3307
3321
3333
3343
3382
3405
3421
3446
3455
3489
3499
3505
3509
3531
3544
3547
3562
3601
3611
3639
3640
3642
3684
3698
3721
3724
3735
3739
3746
3747
3748
3755
3757
3771
3775
3777
3779
3824
3840
3843
3852
3866
3880
3899
3921
3925
3927
3935
3981
3988
3993
4011
4012
4041
4057
4074
4102
4107
4111
4112
4113
4153
4156
4160
4162
4163
4164
4165
4167
4170
4173
4174
4190
4191
4198
4229
4235
4288
4289
4300
4303
4308
4313
4321
4326
4332
4338
4358
4359
4381
4393
4404
4406
4407
4448
4450
4469
4471
4483
4523
4526
4530
4536
4557
4582
4588
4590
4592
4602
4605
4609
4611
4612
4621
4625
4629
4630
4639
4640
4646
4648
4654
4668
4671
4673
4676
4677
4678
4681
4691
4694
4695
4705
4718
4734
4759
4789
4793
4802
4808
4816
4817
4841
4856
4863
4865
4879
4892
4899
4903
4910
4912
4914
4916
4922
4928
4937
4938
4962
4969
4974
4977
4982
4991
4994
4995
4997
5000
5002
5010
5022
5033
5035
5066
5071
5072
5083
5084
5127
5135
5138
5140
5141
5143
5159
5170
5172
5177
5193
5220
5245
5246
5250
5253
5254
5255
5256
5282
5284
5293
5294
5305
5310
5330
5347
5365
5369
5380
5386
5388
5390
5426
5429
5442
5457
5481
5492
5507
5515
5519
5537
5543
5551
5565
5567
5584
5590
5610
5612
5629
5631
5643
5655
5657
5674
5682
5685
5686
5705
5707
5708
5716
5727
5743
5785
5799
5812
5829
5845
5846
5860
5883
5909
5917
5949
5951
5952
5963
5965
5967
5971
5998
6006
6027
6048
6072
6073
6080
6131
6186
6193
6209
6211
6216
6223
6239
6240
6248
6271
6278
6284
6293
6314
6327
6332
6341
6345
6361
6362
6371
6377
6380
6383
6384
6385
6387
6391
6396
6398
6404
6418
6423
6431
6436
6511
6518
6533
6539
6548
6555
6568
6571
6575
6579
6617
6622
6634
6637
6662
6687
6697
6718
6722
6734
6737
6739
6741
6742
6745
6750
6752
6772
6796
6821
6830
6840
6843
6861
6880
6887
6893
6902
6905
6928
6949
6974
6975
6983
6996
6999
7012
7022
7023
7034
7046
7063
7071
7075
7093
7094
7098
7113
7114
7125
7127
7136
7138
7158
7176
7184
7219
7230
7232
7245
7248
7262
7288
7325
7333
7363
7384
7387
7391
7396
7397
7428
7430
7432
7444
7458
7460
7464
7475
7481
7486
7502
7512
7516
7517
7520
7553
7556
7558
7573
7618
7622
7659
7664
7667
7674
7676
7679
7683
7706
7707
7734
7753
7760
7770
7777
7780
7783
7791
7814
7815
7822
7827
7833
7837
7840
7870
7890
7897
7905
7908
7917
7926
7930
7948
7965
7970
7973
7977
7982
7984
7986
7996
8030
8031
8046
8058
8072
8083
8090
8113
8114
8120
8121
8125
8140
8141
8170
8186
8207
8208
8210
8211
8233
8235
8240
8250
8266
8268
8286
8306
8315
8316
8317
8323
8327
8331
8332
8336
8344
8345
8362
8363
8366
8378
8381
8388
8398
8401
8421
8429
8439
8449
8475
8499
8512
8529
8544
8555
8571
8616
8625
8652
8655
8665
8689
8690
8704
8706
8707
8708
8715
8722
8729
8736
8737
8739
8746
8747
8751
8752
8758
8771
8780
8785
8790
8794
8801
8812
8837
8872
8914
8918
8926
8940
8950
8957
8958
8965
8978
9000
9002
9003
9011
9041
9045
9050
9066
9104
9106
9113
9114
9133
9142
9163
9164
9179
9192
9201
9206
9212
9213
9214
9220
9240
9270
9281
9282
9283
9321
9340
9354
9356
9358
9360
9362
9365
9367
9368
9373
9374
9375
9383
9395
9438
9444
9480
9491
9496
9503
9511
9536
9545
9563
9574
9576
9600
9604
9606
9621
9635
9659
9739
9744
9759
9783
9789
9801
9813
9831
9840
9846
9864
9877
9887
9888
9904
9908
9925
9928
9932
9935
9938
9949
9950
9967
9970
9977
9980
9990
10000
10007
10022
10031
10039
10040
10042
10044
10045
10064
10081
10146
10178
10219
10229
10263
10267
10275
10319
10331
10334
10348
10358
10359
10407
10420
10431
10438
10442
10464
10486
10506
10515
10523
10526
10535
10545
10558
10560
10565
10580
10605
10649
10692
10695
10696
10706
10716
10742
10746
10750
10770
10780
10804
10811
10817
10833
10841
10855
10863
10885
10899
10910
10911
10930
10941
10966
10978
11003
11019
11021
11025
11043
11048
11062
11071
11121
11126
11127
11134
11137
11147
11149
11162
11168
11179
11183
11189
11195
11220
11221
11222
11226
11227
11228
11248
11249
11251
11264
11269
11292
11299
11302
11308
11310
11324
11343
11349
11354
11361
11369
11379
11386
11392
11393
11421
11428
11448
11457
11464
11472
11510
11514
11517
11518
11551
11583
11594
11599
11611
11612
11613
11617
11646
11649
11651
11659
11660
11666
11682
11702
11705
11706
11708
11711
11722
11731
11744
11773
11776
11820
11828
11836
11859
11870
11877
11883
11886
11892
11896
11929
11932
11933
11951
11971
11983
11986
11988
11990
11999
12002
12004
12006
12009
12016
12042
12047
12049
12055
12064
12069
12071
12072
12073
12074
12081
12093
12094
12146
12156
12173
12184
12185
12191
12197
12211
12213
12216
12223
12236
12240
12241
12252
12280
12285
12290
12308
12317
12337
12345
12349
12361
12362
12364
12389
12394
12400
12403
12408
12419
12448
12451
12480
12492
12504
12506
12508
12543
12561
12572
12574
12580
12584
12593
12600
12603
12628
12681
12689
12693
12697
12705
12721
12739
12752
12761
12762
12765
12773
12776
