29
102
149
249
254
258
260
267
366
418
429
433
503
613
630
863
876
907
915
940
1067
1072
1090
1091
1124
1165
1396
1411
1414
1423
1487
1592
1639
1701
1717
1815
1894
2012
2019
2023
2047
2091
2143
2154
2195
2215
2221
2230
2255
2302
2304
2330
2337
2403
2427
2451
2638
2640
2651
2673
2855
2944
2948
2953
2961
2968
2978
2979
2981
2986
3281
3289
3327
3386
3389
3430
3629
3766
3858
3895
3916
3935
3949
3952
3954
3955
3963
3973
3976
3978
3981
4033
4088
4103
4108
4132
4154
4193
4222
4224
4225
4244
4246
4252
4253
4254
4256
4258
4264
4285
4408
4541
4545
4552
4553
4554
4555
4556
4558
4562
4809
4831
4840
4879
5025
5044
5150
5206
5224
5272
5296
5373
5381
5389
5391
5402
5407
5426
5457
5589
5681
5791
5879
5953
5978
6114
6115
6123
6126
6163
6172
6353
6365
6463
6467
6488
6494
6495
6505
6506
6509
6510
6512
6515
6518
6573
6628
6629
6667
6713
6768
7023
7102
7114
7117
7145
7181
7261
7275
7276
7285
7288
7307
7328
7350
7371
7418
7422
7428
7455
7460
7500
7504
7549
7550
7561
7622
7649
7653
7657
7673
7717
7768
7921
7934
7942
8012
8081
8127
8206
8221
8222
8267
8271
8397
8404
8433
8443
8446
8449
8450
8455
8456
8488
8578
8619
8692
8791
8794
8813
8817
8969
9011
9022
9109
9233
9258
9260
9314
9349
9405
9450
9457
9458
9467
9468
9519
9539
9570
9617
9620
9675
9679
9680
9681
9683
9684
9685
9686
9688
9693
9790
9882
9910
9984
10126
10192
10288
10317
10348
10354
10404
10487
10545
10614
10648
10653
10676
10762
10779
10854
10858
10860
10946
10953
10957
11024
11030
11032
11035
11037
11158
11221
11284
11304
11368
11416
11427
11444
11505
11652
11656
11667
11770
11811
11924
11930
11937
11959
11972
11973
11989
12031
12038
12052
12102
12123
12124
12176
12184
12198
12201
12202
12237
12311
12341
12342
12352
12469
12496
12551
12579
12589
12647
12679
12698
12750
