25
57
182
192
199
215
216
217
228
278
280
285
290
296
297
304
322
336
337
341
353
374
434
518
552
570
604
824
825
826
856
869
873
936
960
976
977
996
1020
1021
1054
1089
1176
1177
1178
1219
1404
1408
1425
1587
1599
1694
1802
1820
1821
1854
1857
1865
1920
1927
1932
1948
1995
2017
2026
2032
2039
2040
2120
2158
2170
2179
2186
2202
2240
2242
2246
2273
2290
2312
2316
2322
2346
2397
2421
2534
2536
2537
2540
2557
2613
2663
2706
2717
2755
2877
2880
2925
2929
2976
3129
3177
3211
3267
3360
3432
3447
3587
3605
3688
3694
3799
3815
3835
3933
4017
4044
4050
4123
4125
4142
4143
4196
4223
4230
4245
4249
4267
4342
4417
4425
4472
4519
4523
4528
4530
4549
4565
4587
4593
4601
4614
4626
4628
4633
4681
4693
4696
4703
4711
4868
4895
5049
5070
5079
5234
5240
5314
5319
5367
5376
5383
5398
5415
5425
5445
5458
5465
5485
5495
5562
5613
5620
5621
5634
5640
5790
5803
5805
5871
5968
5975
6029
6065
6069
6076
6110
6120
6136
6146
6157
6166
6174
6175
6191
6206
6271
6346
6364
6375
6376
6397
6405
6461
6489
6517
6532
6555
6582
6624
6630
6693
6717
6844
6946
6954
6960
6985
7003
7004
7011
7082
7164
7372
7376
7438
7462
7477
7485
7516
7530
7564
7567
7603
7650
7660
7663
7723
7725
7813
7844
7845
7876
7932
7968
8006
8229
8260
8306
8353
8427
8441
8463
8472
8473
8486
8490
8496
8497
8498
8801
8832
8842
8878
8963
8972
8980
8981
9025
9050
9063
9100
9167
9198
9276
9345
9355
9356
9359
9362
9368
9373
9374
9375
9376
9399
9496
9528
9531
9559
9560
9568
9572
9580
9632
9666
9682
9703
9787
9800
9971
9999
10016
10071
10087
10103
10113
10152
10246
10260
10264
10277
10302
10356
10370
10377
10399
10401
10450
10501
10569
10577
10647
10722
10750
10789
10799
10803
10815
10828
10864
10879
10890
10905
11048
11054
11097
11110
11124
11159
11217
11218
11220
11224
11225
11226
11227
11314
11403
11405
11412
11450
11560
11571
11574
11575
11577
11600
11707
11768
11786
11793
11848
11882
11918
11980
11985
11986
12014
12027
12032
12084
12101
12186
12262
12292
12331
12370
12380
12392
12393
12473
12497
12515
12521
12533
12544
12547
12550
12617
12631
12640
12660
12663
12674
12703
12732
