0
1
4
8
10
11
12
14
16
17
18
19
20
22
24
27
33
37
38
45
46
56
61
85
88
92
96
105
107
109
112
114
117
118
120
121
122
123
125
126
127
129
130
137
138
140
142
145
146
156
157
168
175
180
190
202
214
218
221
228
234
235
237
238
241
251
253
271
273
274
277
284
301
314
315
319
320
323
335
338
340
358
361
362
363
364
367
377
380
394
396
413
416
446
458
468
470
483
486
489
491
492
493
496
508
509
510
512
521
523
527
533
536
541
545
546
555
575
586
587
589
597
641
659
660
666
669
671
689
694
701
703
705
708
709
710
713
715
716
725
726
728
730
732
733
735
737
740
741
754
773
776
780
791
797
798
800
801
802
804
809
820
822
830
835
837
839
840
842
843
850
851
855
860
870
874
878
879
887
889
901
903
933
937
947
950
951
952
953
956
957
961
963
967
968
992
994
997
998
999
1010
1016
1037
1039
1049
1050
1053
1060
1061
1064
1070
1073
1075
1077
1078
1079
1095
1100
1102
1111
1116
1118
1122
1129
1132
1135
1151
1153
1155
1164
1173
1174
1182
1187
1200
1217
1226
1271
1278
1287
1288
1304
1306
1312
1319
1320
1328
1333
1336
1368
1372
1374
1380
1382
1383
1384
1387
1388
1390
1392
1394
1395
1397
1398
1399
1413
1434
1438
1440
1452
1460
1462
1464
1470
1472
1486
1495
1497
1498
1499
1503
1504
1506
1508
1510
1511
1513
1515
1518
1519
1523
1530
1531
1533
1535
1536
1537
1541
1544
1545
1548
1550
1552
1557
1559
1560
1561
1565
1569
1570
1572
1581
1582
1583
1590
1591
1593
1596
1598
1599
1601
1604
1606
1607
1608
1614
1615
1624
1626
1628
1630
1635
1642
1644
1652
1653
1656
1657
1658
1660
1661
1662
1663
1664
1665
1666
1667
1668
1669
1673
1675
1680
1683
1686
1691
1692
1694
1699
1707
1708
1710
1712
1713
1719
1720
1724
1726
1730
1731
1751
1758
1763
1767
1768
1784
1785
1792
1803
1814
1819
1825
1837
1844
1850
1852
1853
1860
1872
1874
1879
1893
1900
1905
1908
1912
1915
1917
1934
1942
1947
1950
1952
1956
1957
1963
1970
1971
1972
1975
1976
1979
1981
1982
1983
1985
1987
1990
1994
2000
2003
2022
2039
2050
2052
2057
2064
2076
2077
2079
2080
2089
2094
2099
2100
2105
2106
2109
2115
2116
2117
2119
2142
2145
2147
2149
2151
2153
2155
2157
2160
2161
2163
2166
2168
2171
2178
2180
2183
2190
2191
2192
2204
2208
2212
2216
2237
2241
2247
2256
2258
2260
2264
2266
2268
2269
2277
2278
2280
2281
2286
2288
2289
2291
2296
2304
2305
2307
2309
2315
2318
2319
2324
2325
2340
2341
2343
2352
2353
2359
2361
2364
2376
2383
2389
2393
2394
2399
2400
2414
2416
2418
2422
2424
2426
2429
2432
2436
2447
2454
2455
2456
2457
2459
2460
2461
2462
2465
2471
2490
2494
2499
2500
2502
2504
2507
2508
2510
2511
2514
2516
2517
2521
2522
2524
2525
2528
2529
2530
2533
2538
2544
2549
2551
2552
2553
2565
2566
2567
2569
2577
2589
2601
2605
2608
2610
2618
2620
2623
2629
2631
2634
2637
2642
2647
2648
2652
2654
2655
2658
2659
2666
2671
2684
2688
2689
2692
2694
2696
2700
2715
2722
2723
2724
2726
2732
2740
2749
2752
2757
2759
2762
2767
2769
2776
2778
2782
2784
2786
2787
2790
2792
2794
2795
2796
2800
2802
2803
2804
2805
2806
2807
2808
2812
2813
2814
2815
2820
2821
2822
2823
2824
2825
2826
2827
2828
2829
2830
2832
2833
2834
2836
2837
2838
2839
2840
2841
2844
2853
2854
2856
2857
2858
2862
2865
2869
2871
2878
2885
2887
2890
2904
2916
2917
2920
2930
2931
2932
2934
2937
2943
2945
2951
2953
2962
2964
2973
2974
2975
2983
2989
2990
2991
2992
2994
2997
2998
3000
3001
3002
3003
3006
3007
3008
3010
3011
3012
3013
3014
3015
3016
3017
3018
3021
3023
3026
3027
3029
3030
3034
3037
3038
3039
3043
3044
3048
3050
3051
3053
3054
3055
3056
3057
3060
3062
3064
3065
3066
3078
3079
3080
3081
3085
3086
3093
3098
3113
3114
3120
3128
3132
3134
3135
3137
3138
3142
3146
3150
3152
3161
3180
3183
3184
3190
3192
3193
3194
3196
3199
3206
3217
3224
3225
3235
3239
3240
3252
3255
3257
3261
3266
3297
3301
3307
3311
3316
3350
3355
3358
3368
3374
3377
3392
3397
3405
3416
3420
3437
3446
3455
3460
3463
3466
3476
3477
3481
3501
3504
3506
3513
3516
3520
3521
3523
3525
3526
3527
3529
3530
3531
3533
3535
3542
3544
3546
3547
3549
3553
3555
3557
3566
3571
3573
3576
3577
3581
3584
3585
3593
3601
3604
3610
3611
3612
3616
3619
3620
3624
3627
3633
3634
3636
3637
3638
3640
3647
3653
3661
3662
3666
3667
3668
3671
3672
3673
3674
3675
3677
3678
3679
3690
3691
3696
3698
3707
3709
3710
3711
3717
3718
3719
3720
3721
3728
3729
3732
3747
3749
3759
3762
3763
3768
3772
3774
3775
3776
3777
3779
3794
3818
3824
3826
3834
3837
3838
3840
3843
3849
3866
3867
3869
3871
3872
3873
3882
3886
3887
3891
3893
3894
3898
3899
3900
3904
3905
3914
3918
3921
3927
3929
3931
3944
3961
3967
3972
3980
3982
3986
4008
4019
4020
4023
4029
4032
4041
4045
4052
4054
4056
4057
4058
4060
4062
4067
4069
4072
4073
4074
4078
4079
4098
4100
4105
4106
4107
4109
4110
4111
4112
4113
4114
4115
4116
4117
4118
4120
4149
4155
4160
4163
4167
4168
4171
4172
4174
4191
4198
4199
4201
4211
4216
4217
4219
4259
4265
4276
4280
4289
4296
4306
4308
4309
4311
4318
4321
4322
4324
4326
4328
4329
4331
4333
4339
4344
4347
4351
4353
4354
4358
4361
4362
4365
4367
4370
4371
4382
4388
4393
4405
4420
4434
4437
4445
4450
4452
4453
4463
4464
4465
4466
4468
4474
4477
4478
4479
4483
4485
4489
4493
4496
4516
4529
4534
4539
4550
4582
4586
4588
4590
4591
4592
4597
4598
4602
4605
4606
4608
4609
4613
4615
4619
4620
4621
4622
4623
4625
4627
4629
4630
4641
4651
4654
4659
4661
4664
4668
4671
4673
4675
4676
4677
4678
4680
4682
4683
4686
4688
4692
4700
4704
4705
4710
4712
4715
4718
4723
4727
4728
4731
4732
4734
4736
4737
4740
4755
4768
4781
4793
4807
4812
4813
4814
4818
4820
4825
4826
4829
4833
4834
4835
4838
4841
4850
4851
4853
4861
4867
4874
4876
4878
4880
4904
4909
4918
4920
4922
4938
4947
4948
4950
4954
4955
4963
4969
4972
4977
4978
4982
4983
4984
4985
4986
4987
4989
4991
4992
4993
4994
4995
4996
4997
4998
4999
5000
5002
5006
5008
5010
5011
5018
5019
5020
5022
5030
5035
5037
5057
5064
5087
5094
5097
5103
5108
5109
5120
5126
5134
5135
5136
5139
5140
5142
5143
5147
5149
5151
5154
5158
5159
5162
5167
5171
5172
5176
5177
5178
5179
5180
5181
5182
5183
5184
5186
5191
5192
5193
5194
5195
5196
5197
5198
5199
5200
5201
5203
5204
5208
5211
5217
5221
5222
5232
5233
5235
5237
5238
5239
5241
5246
5256
5258
5264
5269
5271
5275
5278
5280
5285
5292
5294
5304
5310
5311
5315
5322
5324
5330
5331
5333
5338
5339
5344
5345
5346
5349
5350
5351
5352
5353
5359
5360
5361
5363
5365
5367
5368
5371
5372
5379
5390
5396
5401
5405
5440
5442
5443
5456
5472
5478
5480
5481
5483
5488
5494
5496
5497
5502
5505
5528
5531
5535
5540
5559
5567
5582
5586
5587
5592
5611
5618
5631
5641
5648
5652
5654
5655
5656
5657
5658
5660
5662
5668
5669
5671
5672
5673
5676
5683
5685
5686
5687
5688
5690
5691
5692
5694
5695
5697
5702
5703
5707
5709
5712
5713
5714
5715
5716
5736
5739
5744
5747
5749
5752
5758
5761
5763
5779
5780
5792
5798
5799
5801
5812
5836
5853
5858
5860
5862
5864
5868
5870
5877
5878
5880
5884
5898
5900
5904
5907
5909
5917
5925
5934
5936
5941
5949
5951
5952
5959
5960
5961
5962
5963
5965
5967
5969
5970
5971
5986
5988
5989
5997
6000
6005
6008
6010
6012
6014
6015
6016
6018
6024
6025
6029
6038
6048
6050
6051
6055
6080
6082
6084
6085
6089
6090
6091
6092
6096
6109
6118
6119
6121
6122
6140
6148
6150
6152
6159
6165
6169
6197
6199
6200
6205
6210
6214
6216
6222
6223
6224
6226
6228
6230
6231
6232
6234
6235
6236
6240
6241
6244
6246
6247
6249
6251
6252
6253
6255
6257
6262
6263
6265
6266
6270
6273
6275
6278
6280
6282
6284
6292
6297
6298
6300
6302
6303
6315
6325
6337
6341
6342
6345
6347
6352
6357
6358
6363
6372
6373
6377
6380
6381
6383
6384
6385
6386
6387
6390
6391
6392
6394
6398
6401
6402
6404
6406
6411
6426
6427
6435
6444
6451
6452
6453
6462
6473
6479
6481
6490
6520
6525
6530
6538
6539
6541
6564
6566
6568
6573
6579
6583
6585
6590
6591
6593
6594
6595
6597
6599
6600
6604
6612
6618
6624
6645
6649
6662
6671
6673
6680
6687
6688
6698
6700
6703
6722
6723
6728
6732
6736
6737
6748
6749
6752
6753
6767
6774
6775
6781
6789
6796
6797
6814
6825
6828
6832
6833
6837
6839
6840
6846
6847
6848
6850
6852
6853
6854
6855
6857
6862
6867
6869
6870
6907
6931
6935
6936
6938
6947
6950
6951
6955
6963
6970
6974
6980
6983
6984
6990
7013
7019
7020
7028
7029
7030
7031
7033
7035
7038
7040
7043
7045
7046
7047
7049
7050
7051
7055
7057
7060
7061
7069
7071
7073
7076
7085
7091
7097
7110
7118
7119
7120
7122
7125
7126
7129
7131
7134
7138
7139
7142
7143
7153
7158
7162
7165
7169
7176
7177
7178
7186
7189
7191
7194
7196
7197
7199
7204
7205
7206
7208
7210
7212
7217
7218
7219
7220
7222
7225
7227
7228
7229
7230
7232
7235
7242
7243
7244
7248
7252
7254
7260
7267
7270
7320
7324
7334
7335
7337
7340
7341
7354
7374
7377
7378
7380
7381
7382
7383
7385
7386
7387
7388
7391
7392
7393
7394
7396
7397
7399
7400
7401
7426
7431
7440
7464
7468
7474
7476
7481
7487
7489
7490
7491
7492
7494
7502
7511
7548
7556
7573
7574
7575
7577
7578
7579
7587
7590
7594
7597
7601
7613
7615
7618
7619
7625
7626
7629
7630
7631
7634
7644
7646
7661
7666
7667
7670
7682
7712
7721
7729
7734
7746
7771
7783
7791
7798
7805
7807
7821
7822
7826
7827
7829
7831
7833
7834
7835
7839
7840
7853
7857
7859
7862
7864
7866
7869
7873
7874
7875
7878
7883
7884
7887
7891
7896
7897
7906
7917
7918
7920
7925
7946
7948
7961
7964
7966
7973
7975
7976
7977
7980
7982
7984
8013
8035
8041
8043
8047
8049
8050
8084
8085
8088
8089
8090
8091
8093
8096
8103
8104
8122
8126
8136
8137
8138
8140
8141
8142
8144
8151
8153
8154
8156
8157
8163
8165
8168
8170
8171
8192
8198
8199
8202
8207
8210
8214
8219
8224
8226
8231
8233
8236
8239
8240
8243
8250
8254
8255
8257
8258
8259
8262
8263
8264
8265
8266
8268
8274
8277
8279
8285
8286
8292
8293
8294
8295
8299
8301
8304
8306
8308
8309
8313
8315
8316
8317
8321
8322
8323
8327
8330
8331
8337
8345
8347
8352
8354
8357
8358
8362
8363
8364
8365
8366
8367
8368
8369
8370
8372
8373
8374
8375
8376
8377
8378
8382
8385
8389
8393
8394
8396
8398
8400
8403
8409
8413
8423
8429
8431
8435
8442
8465
8471
8499
8502
8503
8504
8505
8516
8519
8540
8544
8547
8559
8560
8561
8567
8569
8573
8574
8576
8582
8583
8589
8599
8604
8609
8613
8614
8615
8632
8634
8635
8637
8639
8641
8644
8646
8649
8652
8653
8672
8677
8689
8691
8695
8704
8709
8716
8719
8722
8735
8737
8741
8743
8744
8752
8754
8755
8757
8763
8766
8772
8780
8781
8790
8795
8799
8809
8810
8831
8839
8845
8850
8852
8853
8855
8858
8859
8860
8861
8863
8864
8865
8867
8869
8870
8871
8872
8873
8875
8876
8877
8880
8881
8884
8885
8886
8887
8888
8889
8891
8892
8893
8894
8898
8901
8902
8903
8905
8907
8911
8940
8944
8947
8948
8950
8951
8976
8979
8983
8985
8992
8996
9010
9013
9019
9023
9032
9035
9039
9048
9053
9055
9056
9064
9065
9066
9069
9073
9075
9079
9080
9081
9085
9088
9091
9092
9094
9095
9102
9104
9105
9106
9113
9114
9119
9122
9124
9125
9128
9133
9166
9177
9179
9181
9197
9200
9220
9226
9228
9229
9234
9235
9239
9240
9242
9243
9259
9262
9272
9283
9284
9293
9297
9301
9304
9308
9309
9310
9311
9312
9313
9315
9317
9319
9323
9327
9335
9336
9337
9339
9340
9346
9350
9357
9361
9363
9366
9367
9385
9403
9405
9412
9417
9432
9452
9454
9460
9461
9470
9480
9486
9489
9491
9492
9503
9505
9506
9507
9509
9511
9515
9520
9523
9532
9533
9538
9543
9569
9576
9586
9587
9590
9599
9603
9608
9627
9630
9631
9639
9640
9642
9643
9644
9674
9676
9694
9695
9699
9700
9703
9705
9707
9710
9711
9731
9734
9735
9738
9739
9740
9744
9747
9748
9761
9786
9805
9806
9811
9812
9823
9840
9846
9849
9850
9851
9852
9853
9854
9855
9856
9886
9890
9892
9894
9895
9896
9933
9975
9977
9989
9995
10014
10019
10031
10033
10039
10043
10046
10050
10051
10055
10056
10067
10072
10073
10074
10075
10076
10077
10078
10080
10081
10082
10083
10085
10086
10090
10094
10099
10100
10103
10117
10132
10133
10155
10159
10163
10174
10178
10187
10205
10212
10218
10219
10220
10226
10227
10229
10230
10231
10235
10236
10238
10242
10243
10245
10247
10262
10266
10269
10270
10272
10273
10275
10282
10292
10296
10301
10303
10308
10310
10315
10318
10321
10337
10339
10340
10351
10355
10368
10375
10382
10399
10407
10408
10409
10412
10415
10422
10423
10426
10427
10433
10436
10439
10441
10442
10460
10467
10468
10469
10471
10484
10486
10503
10510
10512
10513
10520
10523
10527
10529
10531
10537
10540
10541
10542
10543
10546
10553
10554
10585
10590
10595
10596
10598
10599
10601
10605
10615
10624
10625
10631
10634
10636
10641
10646
10651
10654
10655
10658
10659
10673
10676
10685
10687
10688
10693
10697
10710
10711
10712
10714
10715
10716
10719
10725
10727
10736
10739
10740
10741
10742
10744
10752
10753
10754
10756
10757
10758
10767
10770
10771
10774
10778
10785
10790
10792
10797
10811
10812
10826
10831
10833
10852
10853
10854
10856
10860
10865
10866
10872
10875
10882
10899
10900
10901
10903
10904
10906
10907
10910
10921
10927
10928
10929
10931
10934
10935
10940
10941
10942
10943
10945
10946
10950
10955
10962
10963
10965
10970
10971
10976
10977
10986
11003
11009
11010
11012
11013
11015
11017
11024
11030
11033
11052
11057
11058
11061
11064
11072
11079
11085
11088
11092
11098
11103
11113
11117
11125
11128
11130
11131
11133
11134
11136
11137
11138
11140
11141
11144
11147
11149
11151
11153
11160
11161
11162
11165
11168
11169
11171
11173
11174
11176
11178
11182
11185
11187
11189
11190
11191
11192
11194
11196
11198
11199
11200
11201
11204
11205
11208
11214
11215
11229
11230
11233
11234
11236
11237
11239
11240
11241
11242
11246
11247
11248
11254
11255
11259
11261
11262
11263
11264
11265
11267
11268
11269
11271
11272
11273
11274
11277
11278
11279
11280
11281
11282
11283
11286
11290
11293
11294
11296
11297
11299
11300
11301
11302
11305
11308
11311
11312
11315
11316
11318
11320
11324
11326
11336
11339
11343
11344
11345
11348
11351
11356
11359
11360
11361
11362
11363
11371
11373
11374
11376
11377
11379
11380
11383
11386
11389
11391
11392
11393
11394
11395
11397
11401
11411
11413
11420
11423
11425
11426
11428
11430
11433
11434
11438
11439
11441
11442
11443
11451
11454
11458
11463
11465
11466
11479
11480
11491
11492
11507
11513
11514
11515
11516
11517
11519
11520
11521
11523
11530
11535
11548
11550
11551
11552
11567
11572
11580
11584
11588
11599
11601
11613
11618
11619
11620
11653
11657
11663
11670
11673
11674
11676
11682
11683
11686
11687
11693
11702
11703
11705
11706
11708
11731
11740
11742
11744
11745
11754
11755
11756
11757
11758
11761
11762
11764
11765
11766
11771
11772
11773
11776
11778
11779
11780
11782
11794
11795
11818
11824
11826
11828
11831
11833
11834
11835
11843
11846
11847
11851
11852
11854
11855
11857
11859
11861
11864
11867
11869
11870
11875
11877
11883
11891
11892
11897
11904
11932
11933
11940
11941
11943
11944
11945
11955
11958
11960
11961
11962
11969
11971
11979
11981
11990
11994
12004
12011
12018
12028
12029
12030
12037
12042
12051
12054
12058
12059
12063
12065
12066
12068
12069
12070
12071
12072
12074
12075
12076
12077
12079
12081
12088
12089
12090
12091
12092
12096
12116
12119
12121
12125
12133
12134
12139
12148
12159
12161
12162
12164
12166
12172
12173
12180
12183
12184
12185
12197
12205
12206
12213
12216
12231
12233
12236
12240
12243
12247
12249
12252
12256
12263
12266
12271
12272
12286
12293
12303
12304
12306
12307
12309
12310
12313
12317
12318
12319
12323
12325
12326
12327
12328
12338
12359
12364
12368
12375
12377
12379
12384
12388
12389
12390
12394
12395
12400
12402
12403
12404
12406
12408
12410
12421
12428
12430
12431
12432
12443
12451
12459
12461
12471
12474
12478
12488
12494
12495
12514
12517
12522
12523
12525
12527
12532
12533
12534
12535
12536
12538
12553
12554
12561
12569
12572
12574
12575
12576
12580
12588
12592
12594
12598
12599
12600
12603
12607
12618
12627
12635
12636
12638
12639
12644
12653
12654
12662
12690
12697
12701
12702
12704
12705
12710
12711
12713
12715
12724
12751
12752
12756
12758
12759
12761
12763
12764
12765
12766
12767
12770
12771
12772
12773
12774
