1
12
14
19
24
27
33
38
45
56
61
117
121
137
146
157
168
180
190
214
234
235
241
315
319
323
338
362
364
377
446
458
468
491
493
508
509
512
536
541
545
575
586
597
641
689
701
703
713
715
716
728
730
732
733
737
773
791
798
800
843
851
874
889
952
963
992
994
998
999
1016
1049
1050
1053
1060
1061
1064
1070
1077
1174
1182
1187
1200
1217
1304
1383
1440
1462
1497
1499
1503
1519
1536
1541
1560
1581
1582
1590
1593
1596
1614
1615
1626
1628
1630
1652
1653
1656
1658
1661
1662
1663
1664
1665
1666
1667
1668
1669
1713
1719
1763
1767
1844
1853
1905
1908
2000
2003
2100
2115
2117
2149
2153
2160
2161
2191
2204
2208
2216
2247
2264
2268
2269
2289
2291
2296
2315
2325
2341
2352
2359
2364
2389
2393
2394
2416
2436
2490
2507
2528
2533
2565
2567
2569
2577
2605
2634
2666
2689
2692
2732
2740
2759
2762
2769
2787
2820
2821
2822
2823
2824
2825
2826
2827
2829
2830
2832
2834
2836
2837
2839
2840
2841
2854
2917
2943
2975
2997
3003
3008
3010
3018
3029
3030
3034
3037
3044
3054
3055
3060
3064
3065
3066
3134
3135
3146
3192
3350
3446
3466
3476
3481
3576
3577
3611
3612
3616
3619
3627
3675
3690
3691
3707
3762
3775
3826
3837
3840
3849
3866
3869
3886
3927
3931
3972
3982
4008
4020
4023
4032
4041
4052
4057
4060
4062
4067
4069
4073
4078
4079
4098
4100
4105
4106
4107
4109
4112
4113
4120
4163
4167
4171
4198
4201
4216
4265
4306
4309
4321
4344
4347
4354
4367
4393
4466
4477
4485
4489
4516
4539
4582
4590
4591
4592
4602
4608
4609
4621
4622
4623
4625
4627
4630
4651
4654
4671
4673
4676
4677
4678
4682
4686
4700
4705
4734
4812
4820
4867
4876
4878
4920
4950
4963
5022
5094
5097
5134
5154
5172
5177
5179
5180
5191
5194
5196
5197
5201
5203
5204
5208
5211
5232
5238
5246
5278
5322
5333
5338
5345
5442
5443
5456
5481
5483
5488
5494
5540
5567
5586
5631
5688
5709
5712
5736
5779
5798
5799
5836
5868
5877
5925
5936
5951
5962
5967
5970
6118
6122
6216
6222
6228
6240
6241
6244
6246
6247
6252
6253
6255
6262
6263
6265
6273
6275
6278
6282
6298
6300
6302
6401
6406
6462
6539
6585
6722
6728
6736
6737
6797
6833
6907
7019
7028
7033
7035
7040
7046
7050
7057
7060
7076
7085
7091
7097
7120
7176
7177
7196
7205
7212
7217
7225
7228
7229
7230
7335
7340
7341
7386
7387
7388
7391
7392
7393
7394
7396
7397
7400
7401
7426
7440
7468
7489
7573
7574
7577
7578
7579
7582
7587
7597
7613
7615
7618
7625
7629
7630
7631
7661
7682
7712
7734
7798
7822
7839
7840
7853
7864
7869
7873
7875
7878
7883
7884
7887
7891
7948
7966
8104
8154
8157
8192
8199
8215
8219
8231
8239
8254
8259
8262
8263
8264
8265
8294
8295
8309
8316
8317
8322
8323
8330
8352
8396
8409
8435
8599
8709
8744
8754
8757
8839
8845
8850
8852
8855
8858
8859
8860
8861
8864
8865
8869
8871
8873
8875
8876
8944
9055
9056
9064
9065
9085
9091
9094
9102
9113
9179
9181
9228
9229
9234
9239
9240
9242
9243
9259
9293
9304
9327
9336
9340
9346
9357
9366
9367
9454
9461
9470
9511
9523
9569
9587
9627
9630
9631
9644
9694
9738
9812
9850
9851
9852
9853
9854
9855
9856
9975
10019
10031
10067
10072
10073
10074
10075
10076
10077
10078
10080
10081
10082
10083
10085
10094
10133
10178
10187
10205
10218
10219
10236
10242
10247
10269
10321
10407
10423
10426
10433
10469
10510
10523
10601
10634
10658
10685
10693
10727
10736
10741
10744
10754
10756
10771
10792
10811
10831
10866
10882
10906
10927
10928
10931
10934
10935
10945
10946
10970
10976
11013
11033
11052
11064
11072
11079
11088
11103
11113
11137
11138
11162
11194
11205
11230
11234
11236
11240
11241
11259
11281
11283
11286
11290
11293
11296
11299
11301
11302
11305
11308
11312
11315
11318
11320
11343
11344
11362
11393
11394
11423
11425
11430
11438
11439
11454
11463
11491
11492
11507
11513
11514
11515
11516
11517
11519
11520
11521
11535
11552
11663
11683
11745
11831
11834
11835
11852
11870
11940
11971
11981
11990
12028
12076
12079
12159
12166
12173
12183
12205
12233
12240
12266
12286
12303
12304
12306
12309
12310
12313
12317
12318
12319
12323
12325
12326
12327
12328
12388
12389
12400
12410
12421
12428
12430
12451
12459
12471
12494
12535
12561
12569
12690
12758
12772
12774
