11
16
17
18
20
22
37
46
109
114
120
122
123
125
129
130
138
140
142
156
202
221
228
253
273
274
284
301
314
361
380
470
483
489
492
521
533
546
555
587
660
669
671
694
705
708
725
735
740
741
754
776
802
804
820
822
830
837
855
860
878
901
903
937
947
950
957
961
997
1010
1037
1039
1075
1078
1079
1102
1111
1116
1118
1122
1129
1132
1135
1151
1155
1226
1271
1287
1288
1306
1312
1320
1333
1368
1374
1380
1384
1388
1392
1394
1395
1413
1434
1438
1452
1460
1472
1486
1504
1508
1515
1518
1523
1533
1535
1537
1544
1545
1550
1557
1559
1561
1565
1569
1572
1591
1598
1599
1606
1608
1624
1635
1642
1644
1657
1660
1675
1680
1686
1691
1694
1699
1708
1710
1712
1720
1726
1730
1751
1758
1784
1803
1819
1825
1837
1852
1860
1874
1879
1912
1915
1942
1947
1963
1970
1972
1975
1976
1981
1982
1983
1987
1990
1994
2022
2039
2050
2052
2057
2064
2077
2080
2094
2099
2105
2116
2119
2142
2145
2147
2155
2157
2171
2180
2183
2192
2212
2237
2278
2286
2288
2319
2324
2340
2343
2353
2361
2376
2383
2399
2418
2424
2429
2447
2454
2455
2456
2457
2459
2460
2461
2462
2465
2471
2494
2499
2502
2510
2511
2516
2517
2521
2522
2524
2525
2529
2530
2538
2542
2552
2566
2589
2620
2629
2637
2648
2671
2688
2694
2696
2700
2715
2722
2723
2726
2749
2752
2757
2767
2776
2778
2782
2784
2786
2794
2795
2796
2803
2804
2805
2806
2812
2813
2814
2815
2828
2833
2838
2844
2853
2856
2858
2862
2869
2871
2878
2885
2890
2916
2920
2931
2932
2934
2945
2953
2962
2964
2983
2989
2991
2994
3000
3001
3002
3006
3007
3011
3012
3013
3014
3015
3016
3017
3021
3023
3026
3027
3038
3039
3043
3048
3050
3051
3053
3056
3057
3062
3078
3079
3080
3081
3086
3093
3098
3113
3114
3120
3128
3132
3137
3138
3152
3161
3180
3183
3184
3190
3194
3196
3199
3217
3224
3239
3240
3252
3255
3257
3261
3266
3301
3307
3311
3316
3355
3358
3377
3405
3416
3420
3455
3460
3463
3501
3504
3520
3521
3523
3525
3526
3527
3529
3530
3531
3533
3544
3546
3547
3553
3557
3581
3585
3624
3634
3636
3637
3647
3661
3662
3667
3668
3671
3674
3677
3679
3696
3709
3710
3719
3720
3728
3729
3732
3747
3748
3759
3768
3772
3774
3794
3834
3838
3867
3871
3872
3882
3887
3891
3894
3898
3899
3900
3904
3905
3918
3929
3944
3980
3986
4019
4029
4045
4054
4056
4072
4074
4110
4111
4114
4115
4116
4117
4118
4160
4168
4172
4191
4199
4211
4217
4219
4259
4276
4289
4296
4308
4318
4322
4324
4326
4328
4329
4331
4339
4365
4370
4382
4405
4420
4434
4437
4452
4453
4463
4465
4468
4474
4478
4496
4534
4588
4597
4598
4605
4606
4613
4615
4619
4620
4629
4641
4661
4664
4668
4675
4683
4692
4704
4710
4715
4718
4728
4731
4736
4740
4768
4781
4793
4807
4818
4825
4826
4829
4834
4835
4838
4841
4850
4851
4853
4861
4880
4918
4938
4954
4955
4972
4977
4983
4984
4989
4991
4992
4998
5000
5002
5006
5008
5018
5019
5030
5035
5037
5057
5064
5087
5103
5109
5126
5135
5140
5142
5143
5147
5149
5167
5171
5176
5178
5181
5183
5184
5192
5193
5195
5198
5199
5200
5217
5222
5233
5235
5237
5241
5258
5264
5269
5271
5280
5294
5304
5310
5311
5315
5324
5331
5346
5349
5350
5359
5360
5361
5363
5365
5367
5368
5371
5379
5390
5396
5401
5405
5440
5496
5505
5528
5531
5535
5559
5582
5587
5592
5611
5618
5641
5648
5652
5654
5656
5657
5658
5660
5668
5672
5673
5676
5683
5687
5691
5692
5694
5695
5702
5703
5707
5716
5739
5749
5752
5761
5763
5780
5792
5801
5853
5858
5870
5878
5884
5898
5904
5909
5917
5960
5961
5963
5969
5986
5988
6000
6005
6008
6010
6012
6014
6015
6016
6018
6024
6025
6029
6038
6048
6050
6051
6055
6080
6085
6089
6090
6091
6092
6119
6121
6140
6148
6150
6159
6199
6200
6205
6210
6214
6223
6224
6226
6231
6232
6234
6235
6236
6249
6251
6257
6266
6270
6280
6284
6292
6297
6303
6315
6325
6337
6341
6342
6347
6352
6357
6358
6373
6377
6383
6384
6385
6386
6390
6392
6394
6404
6411
6426
6427
6435
6444
6451
6452
6453
6481
6490
6520
6525
6530
6538
6541
6564
6566
6568
6573
6591
6594
6597
6599
6600
6604
6612
6624
6649
6662
6673
6680
6687
6688
6700
6723
6748
6752
6753
6774
6781
6789
6825
6828
6832
6837
6857
6862
6869
6870
6931
6935
6936
6947
6951
6955
6963
6970
6974
6980
6984
7013
7029
7030
7031
7038
7043
7045
7047
7049
7051
7055
7069
7071
7073
7110
7119
7125
7126
7138
7139
7143
7158
7165
7169
7186
7189
7191
7194
7199
7204
7206
7218
7219
7220
7222
7227
7232
7243
7244
7248
7252
7254
7267
7270
7320
7324
7334
7337
7354
7374
7382
7399
7431
7474
7476
7490
7491
7494
7502
7511
7548
7556
7582
7590
7594
7601
7626
7644
7666
7670
7721
7729
7746
7771
7783
7805
7807
7821
7826
7827
7829
7831
7833
7835
7859
7862
7866
7917
7918
7925
7961
7976
7982
8013
8041
8043
8047
8049
8089
8091
8096
8122
8126
8136
8137
8138
8141
8142
8151
8156
8163
8165
8168
8170
8171
8198
8202
8207
8214
8215
8233
8236
8240
8243
8250
8255
8258
8268
8277
8279
8285
8286
8292
8293
8299
8301
8304
8315
8321
8327
8331
8337
8345
8347
8357
8362
8372
8377
8385
8389
8400
8403
8429
8431
8465
8471
8499
8502
8503
8505
8519
8540
8547
8559
8561
8569
8573
8574
8576
8582
8583
8589
8609
8614
8632
8634
8635
8637
8641
8644
8646
8649
8652
8653
8672
8677
8689
8691
8704
8741
8743
8752
8755
8763
8766
8772
8780
8790
8795
8810
8853
8863
8867
8872
8877
8880
8885
8886
8888
8891
8894
8898
8902
8903
8907
8911
8940
8976
8979
8983
8985
8992
8996
9019
9023
9035
9048
9066
9069
9079
9088
9092
9104
9106
9119
9122
9124
9125
9166
9177
9197
9200
9220
9226
9262
9272
9283
9284
9297
9308
9309
9310
9311
9312
9313
9315
9317
9319
9323
9335
9337
9339
9363
9385
9403
9412
9452
9460
9480
9486
9489
9491
9492
9503
9505
9507
9509
9515
9532
9533
9538
9543
9576
9586
9590
9599
9603
9639
9640
9642
9643
9674
9676
9695
9699
9700
9703
9705
9707
9710
9731
9734
9740
9744
9747
9748
9761
9786
9806
9811
9823
9840
9849
9933
9977
9989
9995
10033
10056
10086
10090
10099
10100
10103
10117
10132
10155
10163
10174
10212
10220
10226
10227
10229
10230
10231
10235
10238
10243
10262
10270
10272
10275
10301
10303
10308
10310
10315
10318
10337
10339
10351
10355
10368
10375
10399
10412
10415
10422
10427
10439
10442
10460
10468
10471
10484
10486
10503
10512
10513
10520
10527
10529
10531
10540
10541
10543
10553
10554
10595
10596
10598
10599
10615
10624
10631
10636
10641
10646
10651
10654
10673
10688
10712
10715
10716
10719
10742
10753
10757
10758
10767
10774
10778
10785
10790
10826
10833
10852
10854
10875
10903
10904
10910
10921
10929
10940
10942
10943
10950
10955
10962
10963
10971
10977
11003
11009
11012
11015
11057
11058
11061
11092
11117
11125
11131
11133
11136
11140
11151
11153
11160
11165
11168
11169
11171
11173
11174
11176
11178
11185
11187
11189
11190
11191
11196
11198
11200
11201
11204
11208
11214
11215
11233
11239
11242
11246
11248
11255
11261
11262
11263
11264
11265
11267
11268
11269
11271
11272
11273
11274
11277
11278
11279
11280
11282
11294
11297
11300
11311
11316
11336
11339
11348
11351
11359
11360
11361
11371
11373
11374
11376
11379
11380
11383
11386
11389
11391
11392
11395
11397
11401
11411
11413
11426
11428
11434
11441
11442
11443
11451
11466
11480
11523
11530
11548
11550
11567
11572
11584
11599
11601
11613
11618
11619
11620
11653
11657
11670
11673
11674
11676
11682
11686
11687
11693
11703
11705
11706
11731
11740
11742
11744
11754
11755
11756
11757
11758
11761
11762
11764
11765
11766
11771
11772
11776
11778
11782
11795
11824
11826
11847
11854
11855
11857
11859
11861
11867
11869
11875
11877
11891
11892
11904
11945
11958
11960
11961
11969
11979
11994
12004
12018
12029
12030
12042
12051
12054
12058
12063
12065
12066
12068
12069
12070
12071
12072
12074
12075
12077
12081
12088
12089
12090
12091
12092
12116
12121
12125
12133
12134
12139
12148
12161
12162
12164
12172
12180
12184
12185
12197
12206
12216
12243
12249
12252
12256
12263
12271
12272
12293
12307
12338
12359
12364
12368
12375
12377
12379
12384
12390
12395
12402
12403
12404
12406
12408
12431
12432
12461
12474
12478
12488
12514
12517
12522
12523
12525
12527
12532
12536
12553
12554
12572
12574
12575
12580
12594
12598
12599
12600
12607
12618
12636
12638
12639
12644
12653
12654
12697
12701
12724
12751
12752
12759
12761
12763
12764
12765
12766
12767
12770
12771
12773
