85
88
92
96
105
107
127
271
277
320
335
367
394
396
413
510
523
589
659
666
709
726
780
842
850
870
879
951
953
956
967
968
1095
1153
1164
1278
1319
1328
1336
1372
1382
1387
1390
1397
1398
1399
1464
1470
1495
1506
1511
1530
1531
1552
1570
1683
1707
1785
1792
1814
1893
1900
1934
1950
1952
1957
1985
2079
2089
2106
2151
2163
2166
2168
2190
2256
2258
2266
2277
2280
2281
2304
2305
2307
2309
2318
2400
2414
2422
2426
2432
2500
2504
2508
2542
2544
2549
2553
2608
2610
2618
2623
2647
2654
2724
2800
2802
2857
2865
2887
2904
2930
2937
2951
2973
2990
3085
3193
3206
3235
3392
3397
3437
3477
3506
3516
3542
3549
3555
3571
3573
3620
3640
3672
3678
3698
3711
3717
3718
3748
3749
3763
3776
3777
3818
3824
3873
3893
3921
3961
3967
4058
4155
4174
4333
4351
4353
4358
4361
4362
4388
4445
4450
4479
4483
4529
4586
4680
4688
4712
4723
4727
4732
4737
4755
4904
4909
4922
4969
4978
4982
4985
4986
4987
4993
4994
4995
4996
4997
4999
5010
5108
5120
5151
5158
5159
5182
5186
5256
5275
5285
5330
5339
5351
5352
5353
5472
5478
5497
5655
5662
5685
5686
5690
5697
5713
5714
5747
5758
5812
5880
5900
5907
5941
5949
5952
5959
5965
5971
5989
5997
6084
6152
6165
6169
6230
6345
6363
6372
6380
6381
6387
6391
6398
6402
6479
6579
6583
6590
6595
6618
6671
6698
6703
6749
6767
6796
6814
6839
6840
6846
6847
6848
6850
6852
6853
6854
6855
6867
6938
6990
7020
7061
7118
7122
7131
7142
7153
7162
7178
7197
7208
7210
7242
7260
7377
7378
7380
7381
7383
7385
7464
7492
7575
7619
7646
7791
7857
7874
7896
7897
7906
7920
7946
7984
8035
8050
8088
8090
8093
8103
8140
8144
8153
8224
8226
8257
8266
8274
8306
8308
8354
8358
8363
8364
8365
8366
8367
8368
8369
8370
8373
8374
8375
8376
8378
8382
8394
8442
8504
8560
8567
8604
8613
8615
8716
8719
8722
8737
8809
8870
8881
8884
8889
8892
8893
8901
8905
8947
8948
8950
8951
9013
9032
9073
9075
9095
9105
9114
9128
9133
9235
9301
9350
9361
9405
9432
9506
9608
9805
9886
9890
9892
9894
9895
9896
10014
10039
10046
10050
10051
10055
10159
10245
10266
10273
10282
10292
10296
10340
10408
10409
10436
10537
10546
10585
10605
10625
10655
10659
10676
10687
10697
10711
10714
10725
10739
10740
10752
10770
10797
10812
10856
10860
10865
10900
10901
10907
10965
10986
11010
11017
11024
11030
11085
11128
11130
11134
11141
11144
11147
11149
11182
11192
11199
11229
11237
11254
11324
11326
11345
11356
11363
11377
11420
11433
11588
11702
11708
11773
11779
11780
11864
11883
11897
11932
11933
11941
11943
11944
11955
11962
12011
12037
12096
12119
12213
12231
12236
12247
12394
12443
12495
12534
12538
12576
12588
12627
12635
12662
