26
39
44
57
63
66
86
95
104
106
148
150
162
164
173
177
182
183
191
226
237
266
297
313
341
349
352
371
404
429
433
523
542
569
603
636
671
685
687
688
755
758
760
775
780
808
852
866
873
964
993
1003
1035
1095
1121
1122
1126
1129
1130
1132
1133
1134
1136
1137
1140
1141
1144
1150
1151
1153
1154
1155
1156
1157
1158
1160
1165
1199
1203
1209
1223
1233
1272
1274
1310
1312
1372
1379
1395
1401
1504
1507
1545
1576
1587
1602
1611
1624
1634
1702
1736
1751
1780
1793
1832
1854
1857
1906
1913
1914
1930
1963
1981
1985
1996
2016
2018
2019
2025
2042
2050
2052
2081
2087
2088
2175
2187
2195
2353
2354
2424
2425
2432
2455
2494
2499
2511
2547
2592
2630
2647
2676
2700
2702
2738
2761
2764
2775
2778
2798
2909
2924
2933
2944
2953
3080
3105
3120
3137
3139
3155
3174
3177
3189
3206
3208
3234
3250
3255
3280
3328
3344
3352
3393
3395
3426
3430
3436
3437
3444
3451
3485
3503
3506
3529
3541
3555
3562
3566
3575
3614
3642
3643
3646
3648
3651
3652
3661
3676
3677
3678
3680
3709
3729
3736
3737
3744
3747
3751
3792
3798
3806
3822
3825
3830
3862
3929
3930
3939
3946
3948
3960
3965
3970
3992
4001
4030
4034
4035
4051
4058
4072
4085
4086
4088
4091
4094
4124
4127
4146
4155
4165
4232
4237
4238
4242
4267
4284
4298
4300
4333
4336
4353
4361
4373
4383
4386
4395
4416
4417
4419
4428
4452
4458
4484
4508
4538
4551
4597
4613
4645
4681
4699
4711
4735
4762
4771
4791
4839
4847
4877
4881
4891
4916
4983
5007
5036
5038
5041
5080
5087
5096
5126
5175
5236
5243
5272
5279
5287
5290
5291
5296
5299
5300
5302
5316
5320
5326
5330
5334
5335
5347
5351
5363
5364
5395
5400
5403
5406
5459
5502
5516
5536
5556
5595
5610
5662
5701
5751
5771
5793
5796
5802
5804
5823
5856
5885
5891
5895
5905
5920
5924
5926
5942
5945
5977
5997
6000
6024
6025
6031
6038
6066
6100
6110
6116
6135
6137
6142
6143
6152
6155
6160
6166
6181
6183
6196
6197
6203
6224
6233
6242
6276
6321
6325
6342
6393
6394
6404
6413
6415
6427
6444
6480
6486
6511
6519
6530
6544
6577
6591
6614
6631
6672
6701
6729
6732
6748
6749
6750
6751
6752
6753
6838
6845
6861
6929
6954
6975
6980
6991
7013
7027
7073
7082
7115
7138
7203
7210
7253
7261
7266
7272
7350
7354
7362
7412
7418
7420
7448
7470
7474
7499
7572
7621
7623
7642
7644
7662
7729
7743
7781
7800
7811
7850
7911
7954
7959
7965
7981
7984
8012
8018
8131
8136
8137
8139
8142
8143
8144
8153
8155
8156
8158
8161
8162
8168
8178
8193
8196
8224
8273
8291
8301
8302
8306
8307
8318
8327
8341
8394
8399
8415
8443
8461
8463
8477
8479
8486
8491
8492
8494
8559
8566
8587
8596
8597
8604
8605
8606
8609
8610
8612
8614
8617
8622
8625
8630
8631
8638
8648
8669
8674
8680
8689
8699
8725
8752
8781
8790
8804
8811
8821
8840
8841
8853
8885
8903
8911
8923
8954
8970
8973
8982
9023
9027
9032
9035
9047
9048
9057
9072
9075
9076
9088
9098
9115
9121
9143
9153
9154
9162
9173
9190
9201
9226
9245
9252
9289
9310
9313
9314
9326
9331
9337
9370
9377
9382
9387
9392
9394
9396
9405
9406
9407
9410
9411
9433
9480
9483
9486
9494
9515
9530
9535
9541
9544
9548
9562
9570
9576
9585
9588
9615
9620
9637
9660
9666
9673
9674
9696
9723
9725
9777
9785
9799
9800
9802
9810
9828
9859
9863
9890
9894
9895
9912
9936
9955
9979
10011
10021
10023
10030
10032
10033
10087
10092
10096
10097
10102
10105
10108
10112
10127
10140
10141
10150
10154
10157
10204
10241
10251
10315
10329
10377
10385
10399
10401
10403
10409
10413
10436
10446
10456
10460
10515
10526
10528
10547
10549
10559
10565
10566
10568
10581
10588
10613
10614
10631
10632
10633
10636
10639
10712
10714
10715
10717
10719
10723
10732
10747
10753
10767
10779
10782
10790
10806
10812
10815
10824
10826
10838
10860
10863
10886
10889
10900
10911
10913
10918
10989
10991
11006
11016
11024
11026
11032
11094
11102
11105
11106
11115
11119
11123
11124
11164
11173
11177
11188
11193
11211
11225
11262
11268
11306
11307
11335
11351
11353
11356
11370
11376
11377
11385
11398
11404
11406
11407
11408
11426
11436
11443
11445
11503
11504
11530
11564
11612
11684
11698
11707
11723
11727
11743
11767
11772
11795
11832
11839
11841
11863
11877
11884
11891
11906
11924
11928
11937
11958
11975
11980
11982
11991
11997
12000
12004
12011
12017
12037
12045
12066
12082
12104
12112
12119
12120
12121
12125
12127
12128
12130
12141
12154
12161
12163
12187
12194
12213
12217
12219
12223
12243
12256
12280
12281
12282
12329
12340
12343
12346
12352
12355
12362
12392
12411
12414
12469
12493
12496
12503
12519
12523
12526
12530
12541
12580
12589
12609
12617
12622
12623
12632
12638
12639
12670
12678
12683
12692
12699
12716
12739
12744
