26
44
63
65
66
86
95
104
106
136
148
150
162
164
165
174
177
183
187
205
211
220
302
310
313
316
332
346
348
349
352
365
368
372
373
378
404
449
558
611
666
671
687
690
694
698
699
749
767
771
775
786
805
808
836
838
877
896
897
900
979
1011
1059
1074
1076
1104
1122
1125
1136
1139
1150
1155
1158
1186
1201
1203
1272
1315
1379
1385
1645
1659
1672
1690
1702
1705
1714
1715
1750
1751
1756
1757
1774
1797
1801
1812
1832
1892
1906
1913
1921
1923
1925
1926
1929
1930
2001
2018
2058
2062
2081
2119
2175
2176
2187
2213
2227
2236
2271
2274
2284
2300
2331
2348
2362
2371
2398
2431
2441
2443
2547
2570
2580
2584
2592
2595
2645
2676
2702
2705
2709
2710
2713
2737
2738
2741
2743
2761
2798
2847
2868
2872
2909
2924
2933
2941
2957
2963
2965
2966
3004
3115
3172
3173
3174
3188
3189
3208
3234
3243
3244
3249
3260
3263
3271
3272
3296
3300
3312
3328
3352
3353
3391
3393
3395
3410
3413
3426
3427
3428
3436
3449
3451
3452
3454
3458
3507
3508
3514
3562
3566
3575
3614
3625
3651
3659
3669
3780
3786
3791
3806
3807
3808
3810
3830
3851
3852
3854
3862
3901
3912
3946
3947
3948
3951
3959
4001
4002
4010
4015
4016
4021
4026
4027
4028
4030
4035
4037
4040
4042
4043
4051
4066
4068
4071
4077
4083
4092
4093
4121
4124
4126
4127
4130
4131
4134
4147
4157
4159
4164
4177
4184
4197
4232
4237
4242
4248
4250
4298
4307
4336
4345
4383
4395
4397
4414
4421
4424
4432
4456
4458
4460
4484
4513
4531
4543
4594
4611
4612
4624
4645
4648
4653
4666
4684
4689
4694
4699
4702
4716
4720
4735
4752
4762
4797
4799
4800
4806
4832
4847
4852
4858
4877
4881
4889
4907
4926
4927
4936
4979
5047
5055
5063
5075
5077
5080
5093
5096
5102
5107
5126
5131
5133
5190
5231
5249
5253
5279
5281
5282
5287
5290
5291
5293
5295
5302
5329
5334
5336
5387
5395
5400
5408
5409
5438
5441
5450
5459
5464
5470
5500
5501
5511
5518
5526
5527
5529
5536
5579
5598
5604
5619
5659
5664
5701
5704
5722
5729
5730
5732
5813
5822
5823
5826
5828
5832
5835
5841
5842
5844
5856
5885
5920
5942
5950
5980
5981
5990
6026
6027
6028
6034
6051
6052
6059
6060
6067
6085
6100
6104
6134
6137
6142
6143
6144
6151
6152
6155
6160
6162
6171
6173
6177
6183
6186
6189
6192
6193
6194
6196
6218
6274
6304
6326
6331
6334
6388
6393
6400
6407
6413
6415
6442
6443
6455
6460
6475
6477
6484
6498
6508
6534
6550
6565
6577
6596
6603
6613
6617
6627
6631
6632
6647
6653
6718
6735
6764
6801
6806
6807
6811
6815
6817
6818
6824
6834
6862
6874
6903
6929
6941
6942
6944
6961
6965
6972
6975
6989
6993
7005
7007
7018
7027
7031
7070
7080
7093
7099
7103
7132
7138
7140
7143
7146
7151
7172
7173
7174
7175
7188
7190
7192
7193
7195
7223
7251
7253
7256
7257
7268
7271
7272
7274
7281
7284
7296
7297
7299
7308
7309
7318
7322
7329
7338
7344
7353
7354
7362
7364
7365
7393
7395
7402
7407
7409
7410
7411
7412
7414
7416
7419
7420
7421
7427
7433
7434
7435
7439
7449
7467
7470
7476
7499
7505
7513
7568
7569
7570
7572
7600
7616
7620
7621
7623
7624
7642
7645
7652
7662
7665
7668
7672
7685
7695
7722
7737
7740
7743
7744
7755
7757
7762
7772
7773
7782
7790
7809
7814
7824
7838
7843
7848
7858
7880
7899
7938
7945
7969
7981
7990
8013
8018
8019
8021
8022
8025
8027
8038
8042
8106
8107
8119
8130
8131
8137
8139
8146
8153
8155
8158
8174
8177
8178
8181
8190
8193
8204
8224
8225
8227
8230
8238
8244
8269
8278
8287
8291
8341
8349
8394
8415
8426
8434
8436
8437
8438
8447
8448
8451
8457
8459
8466
8477
8479
8481
8489
8491
8492
8495
8557
8575
8577
8585
8594
8595
8596
8597
8598
8606
8609
8611
8618
8620
8622
8624
8625
8628
8629
8630
8638
8643
8674
8676
8680
8687
8688
8717
8725
8734
8739
8787
8793
8796
8797
8803
8808
8820
8821
8835
8840
8910
8911
8912
8916
8954
8962
8967
9008
9029
9035
9043
9057
9071
9074
9090
9097
9107
9108
9116
9118
9120
9121
9130
9135
9150
9153
9154
9157
9159
9160
9161
9162
9165
9169
9170
9172
9173
9203
9246
9252
9256
9261
9263
9264
9268
9282
9289
9303
9306
9326
9329
9331
9341
9344
9353
9358
9360
9370
9379
9398
9406
9408
9409
9411
9414
9433
9435
9447
9462
9464
9472
9474
9483
9490
9494
9496
9499
9518
9527
9535
9548
9554
9563
9566
9575
9581
9584
9588
9595
9611
9615
9619
9635
9641
9660
9663
9692
9698
9723
9756
9777
9779
9785
9789
9795
9799
9807
9810
9814
9815
9835
9847
9859
9883
9884
9885
9895
9923
9929
9931
9936
9942
9945
9947
9951
9959
9964
9965
10002
10007
10021
10023
10024
10025
10030
10069
10070
10096
10097
10107
10112
10127
10129
10140
10141
10154
10157
10166
10188
10189
10201
10204
10221
10253
10258
10276
10280
10281
10283
10284
10285
10290
10332
10336
10338
10339
10341
10342
10390
10391
10392
10393
10397
10400
10410
10413
10416
10417
10428
10438
10440
10446
10452
10455
10456
10460
10474
10495
10498
10504
10519
10521
10547
10549
10559
10561
10568
10570
10574
10578
10581
10588
10594
10606
10608
10609
10613
10619
10661
10713
10717
10718
10726
10728
10733
10737
10751
10753
10759
10761
10764
10813
10824
10830
10836
10838
10839
10841
10851
10863
10883
10887
10889
10898
10901
10913
10923
10967
10975
10985
10989
10991
11016
11038
11057
11074
11094
11102
11105
11106
11115
11119
11121
11123
11148
11156
11173
11177
11181
11183
11188
11190
11193
11211
11212
11213
11214
11222
11244
11250
11306
11307
11339
11353
11355
11370
11378
11385
11398
11402
11404
11406
11408
11411
11417
11426
11440
11441
11443
11445
11447
11449
11459
11481
11484
11494
11503
11587
11594
11605
11607
11625
11676
11677
11684
11698
11719
11723
11729
11732
11733
11734
11735
11743
11749
11753
11829
11884
11885
11888
11910
11923
11928
11961
11964
11970
11982
11989
11991
12000
12004
12011
12017
12023
12040
12041
12082
12083
12090
12106
12112
12130
12141
12163
12168
12181
12182
12187
12194
12219
12221
12243
12250
12256
12276
12280
12281
12297
12329
12339
12344
12355
12356
12362
12363
12391
12411
12416
12419
12424
12431
12475
12487
12489
12493
12503
12523
12526
12530
12543
12549
12613
12616
12620
12622
12623
12657
12670
12673
12678
12683
12699
12722
12728
12757
12767
