8.554000000000000000e+03 1.000000000000000000e+00
3.195000000000000000e+03 0.000000000000000000e+00
5.267000000000000000e+03 1.000000000000000000e+00
4.247000000000000000e+03 1.000000000000000000e+00
5.530000000000000000e+03 1.000000000000000000e+00
8.999000000000000000e+03 1.000000000000000000e+00
5.742000000000000000e+03 1.000000000000000000e+00
6.245000000000000000e+03 1.000000000000000000e+00
1.082700000000000000e+04 0.000000000000000000e+00
8.702000000000000000e+03 0.000000000000000000e+00
4.795000000000000000e+03 1.000000000000000000e+00
1.082200000000000000e+04 0.000000000000000000e+00
2.416000000000000000e+03 0.000000000000000000e+00
6.198000000000000000e+03 0.000000000000000000e+00
1.021700000000000000e+04 1.000000000000000000e+00
3.983000000000000000e+03 1.000000000000000000e+00
5.780000000000000000e+03 1.000000000000000000e+00
2.100000000000000000e+02 1.000000000000000000e+00
1.145100000000000000e+04 1.000000000000000000e+00
8.874000000000000000e+03 0.000000000000000000e+00
