6.335000000000000000e+03 0.000000000000000000e+00
3.994000000000000000e+03 0.000000000000000000e+00
9.827000000000000000e+03 0.000000000000000000e+00
6.873000000000000000e+03 1.000000000000000000e+00
6.668000000000000000e+03 0.000000000000000000e+00
4.057000000000000000e+03 0.000000000000000000e+00
7.423000000000000000e+03 1.000000000000000000e+00
6.012000000000000000e+03 0.000000000000000000e+00
1.173000000000000000e+04 0.000000000000000000e+00
2.947000000000000000e+03 0.000000000000000000e+00
7.742000000000000000e+03 1.000000000000000000e+00
9.176000000000000000e+03 1.000000000000000000e+00
2.834000000000000000e+03 0.000000000000000000e+00
2.150000000000000000e+02 1.000000000000000000e+00
4.100000000000000000e+02 0.000000000000000000e+00
6.835000000000000000e+03 1.000000000000000000e+00
2.476000000000000000e+03 0.000000000000000000e+00
8.470000000000000000e+03 0.000000000000000000e+00
6.487000000000000000e+03 0.000000000000000000e+00
4.430000000000000000e+03 0.000000000000000000e+00
