1.177300000000000000e+04 0.000000000000000000e+00
6.600000000000000000e+03 1.000000000000000000e+00
1.212700000000000000e+04 0.000000000000000000e+00
1.089100000000000000e+04 0.000000000000000000e+00
4.936000000000000000e+03 1.000000000000000000e+00
1.091100000000000000e+04 0.000000000000000000e+00
5.140000000000000000e+02 1.000000000000000000e+00
7.680000000000000000e+03 1.000000000000000000e+00
1.172900000000000000e+04 0.000000000000000000e+00
8.150000000000000000e+03 1.000000000000000000e+00
6.182000000000000000e+03 1.000000000000000000e+00
8.803000000000000000e+03 1.000000000000000000e+00
6.960000000000000000e+02 1.000000000000000000e+00
1.249000000000000000e+04 1.000000000000000000e+00
5.980000000000000000e+03 1.000000000000000000e+00
2.390000000000000000e+03 0.000000000000000000e+00
2.019000000000000000e+03 0.000000000000000000e+00
1.770000000000000000e+03 1.000000000000000000e+00
8.827000000000000000e+03 1.000000000000000000e+00
7.007000000000000000e+03 1.000000000000000000e+00
